4.000000e-06 5.072310e+01 1.554490e+01
1.600000e-05 5.072329e+01 1.554490e+01
3.600000e-05 5.072360e+01 1.554490e+01
6.400000e-05 5.072403e+01 1.554490e+01
1.000000e-04 5.072459e+01 1.554490e+01
1.440000e-04 5.072528e+01 1.554490e+01
1.960000e-04 5.072608e+01 1.554490e+01
2.560000e-04 5.072702e+01 1.554490e+01
3.240000e-04 5.072807e+01 1.554490e+01
4.000000e-04 5.072926e+01 1.554490e+01
4.840000e-04 5.073056e+01 1.554490e+01
5.760000e-04 5.073199e+01 1.554490e+01
6.760000e-04 5.073355e+01 1.554490e+01
7.840000e-04 5.073522e+01 1.554490e+01
9.000000e-04 5.073703e+01 1.554490e+01
1.024000e-03 5.073896e+01 1.554490e+01
1.156000e-03 5.074101e+01 1.554490e+01
1.296000e-03 5.074318e+01 1.554490e+01
1.444000e-03 5.074548e+01 1.554490e+01
1.600000e-03 5.074791e+01 1.554490e+01
1.764000e-03 5.075046e+01 1.554490e+01
1.936000e-03 5.075313e+01 1.554490e+01
2.116000e-03 5.075593e+01 1.554490e+01
2.304000e-03 5.075885e+01 1.554490e+01
2.500000e-03 5.076190e+01 1.554490e+01
2.704000e-03 5.076507e+01 1.554490e+01
2.916000e-03 5.076837e+01 1.554490e+01
3.136000e-03 5.077179e+01 1.554490e+01
3.364000e-03 5.077533e+01 1.554490e+01
3.600000e-03 5.077900e+01 1.554490e+01
3.844000e-03 5.078279e+01 1.554490e+01
4.096000e-03 5.078671e+01 1.554490e+01
4.356000e-03 5.079075e+01 1.554490e+01
4.624000e-03 5.079492e+01 1.554490e+01
4.900000e-03 5.079921e+01 1.554490e+01
5.184000e-03 5.080362e+01 1.554490e+01
5.476000e-03 5.080816e+01 1.554490e+01
5.776000e-03 5.081283e+01 1.554490e+01
6.084000e-03 5.081761e+01 1.554490e+01
6.400000e-03 5.082253e+01 1.554490e+01
6.724000e-03 5.082756e+01 1.554490e+01
7.056000e-03 5.083272e+01 1.554490e+01
7.396000e-03 5.083801e+01 1.554490e+01
7.744000e-03 5.084342e+01 1.554490e+01
8.100000e-03 5.084895e+01 1.554490e+01
8.464000e-03 5.085461e+01 1.554490e+01
8.836000e-03 5.086039e+01 1.554490e+01
9.216000e-03 5.086630e+01 1.554490e+01
9.604000e-03 5.087233e+01 1.554490e+01
1.000000e-02 5.087849e+01 1.554490e+01
1.040400e-02 5.088477e+01 1.554490e+01
1.081600e-02 5.089117e+01 1.554490e+01
1.123600e-02 5.089770e+01 1.554490e+01
1.166400e-02 5.090435e+01 1.554490e+01
1.210000e-02 5.091113e+01 1.554490e+01
1.254400e-02 5.091803e+01 1.554490e+01
1.299600e-02 5.092506e+01 1.554490e+01
1.345600e-02 5.093221e+01 1.554490e+01
1.392400e-02 5.093948e+01 1.554490e+01
1.440000e-02 5.094688e+01 1.554490e+01
1.488400e-02 5.095441e+01 1.554490e+01
1.537600e-02 5.096206e+01 1.554490e+01
1.587600e-02 5.096983e+01 1.554490e+01
1.638400e-02 5.097773e+01 1.554490e+01
1.690000e-02 5.098575e+01 1.554490e+01
1.742400e-02 5.099389e+01 1.554490e+01
1.795600e-02 5.100216e+01 1.554490e+01
1.849600e-02 5.101056e+01 1.554490e+01
1.904400e-02 5.101907e+01 1.554490e+01
1.960000e-02 5.102772e+01 1.554490e+01
2.016400e-02 5.103649e+01 1.554490e+01
2.073600e-02 5.104538e+01 1.554490e+01
2.131600e-02 5.105439e+01 1.554490e+01
2.190400e-02 5.106353e+01 1.554490e+01
2.250000e-02 5.107280e+01 1.554490e+01
2.310400e-02 5.108219e+01 1.554490e+01
2.371600e-02 5.109170e+01 1.554490e+01
2.433600e-02 5.110134e+01 1.554490e+01
2.496400e-02 5.111110e+01 1.554490e+01
2.560000e-02 5.112099e+01 1.554490e+01
2.624400e-02 5.113100e+01 1.554490e+01
2.689600e-02 5.114113e+01 1.554490e+01
2.755600e-02 5.115139e+01 1.554490e+01
2.822400e-02 5.116178e+01 1.554490e+01
2.890000e-02 5.117229e+01 1.554490e+01
2.958400e-02 5.118292e+01 1.554490e+01
3.027600e-02 5.119368e+01 1.554490e+01
3.097600e-02 5.120456e+01 1.554490e+01
3.168400e-02 5.121556e+01 1.554490e+01
3.240000e-02 5.122669e+01 1.554490e+01
3.312400e-02 5.123795e+01 1.554490e+01
3.385600e-02 5.124933e+01 1.554490e+01
3.459600e-02 5.126083e+01 1.554490e+01
3.534400e-02 5.127246e+01 1.554490e+01
3.610000e-02 5.128421e+01 1.554490e+01
3.686400e-02 5.129608e+01 1.554490e+01
3.763600e-02 5.130809e+01 1.554490e+01
3.841600e-02 5.132021e+01 1.554519e+01
3.920400e-02 5.133246e+01 1.554712e+01
4.000000e-02 5.134484e+01 1.555074e+01
4.080400e-02 5.135734e+01 1.555593e+01
4.161600e-02 5.136998e+01 1.556259e+01
4.243600e-02 5.138274e+01 1.557061e+01
4.326400e-02 5.139564e+01 1.557990e+01
4.410000e-02 5.140867e+01 1.559037e+01
4.494400e-02 5.142183e+01 1.560193e+01
4.579600e-02 5.143513e+01 1.561450e+01
4.665600e-02 5.144856e+01 1.562801e+01
4.752400e-02 5.146213e+01 1.564240e+01
4.840000e-02 5.147584e+01 1.565760e+01
4.928400e-02 5.148969e+01 1.567355e+01
5.017600e-02 5.150368e+01 1.569019e+01
5.107600e-02 5.151781e+01 1.570747e+01
5.198400e-02 5.153208e+01 1.572535e+01
5.290000e-02 5.154649e+01 1.574377e+01
5.382400e-02 5.156105e+01 1.576269e+01
5.475600e-02 5.157575e+01 1.578207e+01
5.569600e-02 5.159059e+01 1.580188e+01
5.664400e-02 5.160558e+01 1.582207e+01
5.760000e-02 5.162072e+01 1.584262e+01
5.856400e-02 5.163600e+01 1.586349e+01
5.953600e-02 5.165143e+01 1.588466e+01
6.051600e-02 5.166701e+01 1.590609e+01
6.150400e-02 5.168273e+01 1.592776e+01
6.250000e-02 5.169861e+01 1.594965e+01
6.350400e-02 5.171463e+01 1.597173e+01
6.451600e-02 5.173081e+01 1.599399e+01
6.553600e-02 5.174713e+01 1.601639e+01
6.656400e-02 5.176361e+01 1.603893e+01
6.760000e-02 5.178024e+01 1.606158e+01
6.864400e-02 5.179702e+01 1.608434e+01
6.969600e-02 5.181395e+01 1.610717e+01
7.075600e-02 5.183103e+01 1.613007e+01
7.182400e-02 5.184827e+01 1.615303e+01
7.290000e-02 5.186567e+01 1.617603e+01
7.398400e-02 5.188321e+01 1.619906e+01
7.507600e-02 5.190092e+01 1.622211e+01
7.617600e-02 5.191877e+01 1.624517e+01
7.728400e-02 5.193679e+01 1.626822e+01
7.840000e-02 5.195495e+01 1.629127e+01
7.952400e-02 5.197328e+01 1.631429e+01
8.065600e-02 5.199176e+01 1.633729e+01
8.179600e-02 5.201040e+01 1.636025e+01
8.294400e-02 5.202919e+01 1.638316e+01
8.410000e-02 5.204814e+01 1.640603e+01
8.526400e-02 5.206725e+01 1.642884e+01
8.643600e-02 5.208652e+01 1.645160e+01
8.761600e-02 5.210595e+01 1.647428e+01
8.880400e-02 5.212553e+01 1.649689e+01
9.000000e-02 5.214528e+01 1.651943e+01
9.120400e-02 5.216518e+01 1.654188e+01
9.241600e-02 5.218524e+01 1.656425e+01
9.363600e-02 5.220546e+01 1.658654e+01
9.486400e-02 5.222585e+01 1.660873e+01
9.610000e-02 5.224639e+01 1.663082e+01
9.734400e-02 5.226709e+01 1.665281e+01
9.859600e-02 5.228795e+01 1.667471e+01
9.985600e-02 5.230898e+01 1.669650e+01
1.011240e-01 5.233016e+01 1.671818e+01
1.024000e-01 5.235151e+01 1.673975e+01
1.036840e-01 5.237302e+01 1.676122e+01
1.049760e-01 5.239469e+01 1.678257e+01
1.062760e-01 5.241652e+01 1.680381e+01
1.075840e-01 5.243851e+01 1.682493e+01
1.089000e-01 5.246067e+01 1.684594e+01
1.102240e-01 5.248298e+01 1.686683e+01
1.115560e-01 5.250546e+01 1.688760e+01
1.128960e-01 5.252811e+01 1.690825e+01
1.142440e-01 5.255091e+01 1.692877e+01
1.156000e-01 5.257388e+01 1.694918e+01
1.169640e-01 5.259701e+01 1.696947e+01
1.183360e-01 5.262031e+01 1.698963e+01
1.197160e-01 5.264377e+01 1.700967e+01
1.211040e-01 5.266739e+01 1.702958e+01
1.225000e-01 5.269118e+01 1.704937e+01
1.239040e-01 5.271513e+01 1.706904e+01
1.253160e-01 5.273925e+01 1.708858e+01
1.267360e-01 5.276353e+01 1.710800e+01
1.281640e-01 5.278797e+01 1.712729e+01
1.296000e-01 5.281258e+01 1.714646e+01
1.310440e-01 5.283735e+01 1.716551e+01
1.324960e-01 5.286229e+01 1.718443e+01
1.339560e-01 5.288739e+01 1.720323e+01
1.354240e-01 5.291266e+01 1.722190e+01
1.369000e-01 5.293810e+01 1.724045e+01
1.383840e-01 5.296369e+01 1.725888e+01
1.398760e-01 5.298946e+01 1.727718e+01
1.413760e-01 5.301539e+01 1.729536e+01
1.428840e-01 5.304148e+01 1.731354e+01
1.444000e-01 5.306774e+01 1.733266e+01
1.459240e-01 5.309417e+01 1.735289e+01
1.474560e-01 5.312077e+01 1.737419e+01
1.489960e-01 5.314755e+01 1.739650e+01
1.505440e-01 5.317450e+01 1.741980e+01
1.521000e-01 5.320162e+01 1.744404e+01
1.536640e-01 5.322892e+01 1.746918e+01
1.552360e-01 5.325640e+01 1.749519e+01
1.568160e-01 5.328407e+01 1.752202e+01
1.584040e-01 5.331191e+01 1.754966e+01
1.600000e-01 5.333995e+01 1.757806e+01
1.616040e-01 5.336816e+01 1.760718e+01
1.632160e-01 5.339657e+01 1.763701e+01
1.648360e-01 5.342517e+01 1.766751e+01
1.664640e-01 5.345396e+01 1.769865e+01
1.681000e-01 5.348294e+01 1.773040e+01
1.697440e-01 5.351211e+01 1.776275e+01
1.713960e-01 5.354148e+01 1.779565e+01
1.730560e-01 5.357105e+01 1.782909e+01
1.747240e-01 5.360082e+01 1.786305e+01
1.764000e-01 5.363079e+01 1.789749e+01
1.780840e-01 5.366095e+01 1.793241e+01
1.797760e-01 5.369133e+01 1.796776e+01
1.814760e-01 5.372190e+01 1.800355e+01
1.831840e-01 5.375268e+01 1.803974e+01
1.849000e-01 5.378367e+01 1.807631e+01
1.866240e-01 5.381487e+01 1.811326e+01
1.883560e-01 5.384627e+01 1.815055e+01
1.900960e-01 5.387788e+01 1.818818e+01
1.918440e-01 5.390971e+01 1.822612e+01
1.936000e-01 5.394175e+01 1.826436e+01
1.953640e-01 5.397400e+01 1.830288e+01
1.971360e-01 5.400647e+01 1.834168e+01
1.989160e-01 5.403915e+01 1.838072e+01
2.007040e-01 5.407205e+01 1.842001e+01
2.025000e-01 5.410517e+01 1.845952e+01
2.043040e-01 5.413851e+01 1.849925e+01
2.061160e-01 5.417206e+01 1.853917e+01
2.079360e-01 5.420584e+01 1.857928e+01
2.097640e-01 5.423984e+01 1.861958e+01
2.116000e-01 5.427406e+01 1.866003e+01
2.134440e-01 5.430851e+01 1.870064e+01
2.152960e-01 5.434318e+01 1.874139e+01
2.171560e-01 5.437808e+01 1.878228e+01
2.190240e-01 5.441320e+01 1.882329e+01
2.209000e-01 5.444855e+01 1.886441e+01
2.227840e-01 5.448413e+01 1.890564e+01
2.246760e-01 5.451994e+01 1.894696e+01
2.265760e-01 5.455598e+01 1.898837e+01
2.284840e-01 5.459225e+01 1.902986e+01
2.304000e-01 5.462875e+01 1.907141e+01
2.323240e-01 5.466548e+01 1.911304e+01
2.342560e-01 5.470245e+01 1.915471e+01
2.361960e-01 5.473965e+01 1.919644e+01
2.381440e-01 5.477709e+01 1.923820e+01
2.401000e-01 5.481476e+01 1.928000e+01
2.420640e-01 5.485266e+01 1.932183e+01
2.440360e-01 5.489081e+01 1.936368e+01
2.460160e-01 5.492919e+01 1.940554e+01
2.480040e-01 5.496781e+01 1.944742e+01
2.500000e-01 5.500667e+01 1.948930e+01
2.520040e-01 5.504577e+01 1.953118e+01
2.540160e-01 5.508511e+01 1.957305e+01
2.560360e-01 5.512469e+01 1.961491e+01
2.580640e-01 5.516451e+01 1.965675e+01
2.601000e-01 5.520457e+01 1.969857e+01
2.621440e-01 5.524488e+01 1.974037e+01
2.641960e-01 5.528543e+01 1.978214e+01
2.662560e-01 5.532622e+01 1.982387e+01
2.683240e-01 5.536726e+01 1.986556e+01
2.704000e-01 5.540854e+01 1.990722e+01
2.724840e-01 5.545007e+01 1.994882e+01
2.745760e-01 5.549185e+01 1.999038e+01
2.766760e-01 5.553387e+01 2.003188e+01
2.787840e-01 5.557615e+01 2.007333e+01
2.809000e-01 5.561866e+01 2.011472e+01
2.830240e-01 5.566143e+01 2.015604e+01
2.851560e-01 5.570445e+01 2.019730e+01
2.872960e-01 5.574772e+01 2.023849e+01
2.894440e-01 5.579123e+01 2.027962e+01
2.916000e-01 5.583500e+01 2.032150e+01
2.937640e-01 5.587902e+01 2.036462e+01
2.959360e-01 5.592330e+01 2.040895e+01
2.981160e-01 5.596784e+01 2.045445e+01
3.003040e-01 5.601265e+01 2.050109e+01
3.025000e-01 5.605772e+01 2.054884e+01
3.047040e-01 5.610306e+01 2.059765e+01
3.069160e-01 5.614868e+01 2.064751e+01
3.091360e-01 5.619457e+01 2.069838e+01
3.113640e-01 5.624075e+01 2.075022e+01
3.136000e-01 5.628720e+01 2.080301e+01
3.158440e-01 5.633395e+01 2.085673e+01
3.180960e-01 5.638098e+01 2.091133e+01
3.203560e-01 5.642830e+01 2.096680e+01
3.226240e-01 5.647592e+01 2.102311e+01
3.249000e-01 5.652383e+01 2.108023e+01
3.271840e-01 5.657204e+01 2.113814e+01
3.294760e-01 5.662056e+01 2.119681e+01
3.317760e-01 5.666938e+01 2.125621e+01
3.340840e-01 5.671851e+01 2.131633e+01
3.364000e-01 5.676795e+01 2.137715e+01
3.387240e-01 5.681770e+01 2.143863e+01
3.410560e-01 5.686777e+01 2.150076e+01
3.433960e-01 5.691815e+01 2.156352e+01
3.457440e-01 5.696886e+01 2.162688e+01
3.481000e-01 5.701988e+01 2.169083e+01
3.504640e-01 5.707124e+01 2.175534e+01
3.528360e-01 5.712292e+01 2.182040e+01
3.552160e-01 5.717493e+01 2.188599e+01
3.576040e-01 5.722727e+01 2.195209e+01
3.600000e-01 5.727995e+01 2.201869e+01
3.624040e-01 5.733296e+01 2.208576e+01
3.648160e-01 5.738631e+01 2.215328e+01
3.672360e-01 5.744001e+01 2.222125e+01
3.696640e-01 5.749404e+01 2.228965e+01
3.721000e-01 5.754843e+01 2.235846e+01
3.745440e-01 5.760315e+01 2.242766e+01
3.769960e-01 5.765823e+01 2.249724e+01
3.794560e-01 5.771366e+01 2.256719e+01
3.819240e-01 5.776944e+01 2.263750e+01
3.844000e-01 5.782558e+01 2.270813e+01
3.868840e-01 5.788208e+01 2.277910e+01
3.893760e-01 5.793893e+01 2.285038e+01
3.918760e-01 5.799615e+01 2.292195e+01
3.943840e-01 5.805372e+01 2.299381e+01
3.969000e-01 5.811167e+01 2.306595e+01
3.994240e-01 5.816998e+01 2.313835e+01
4.019560e-01 5.822866e+01 2.321100e+01
4.044960e-01 5.828770e+01 2.328389e+01
4.070440e-01 5.834712e+01 2.335702e+01
4.096000e-01 5.840692e+01 2.343035e+01
4.121640e-01 5.846709e+01 2.350390e+01
4.147360e-01 5.852764e+01 2.357765e+01
4.173160e-01 5.858856e+01 2.365158e+01
4.199040e-01 5.864987e+01 2.372569e+01
4.225000e-01 5.871156e+01 2.379997e+01
4.251040e-01 5.877363e+01 2.387441e+01
4.277160e-01 5.883609e+01 2.394900e+01
4.303360e-01 5.889893e+01 2.402373e+01
4.329640e-01 5.896216e+01 2.409860e+01
4.356000e-01 5.902579e+01 2.417359e+01
4.382440e-01 5.908980e+01 2.424869e+01
4.408960e-01 5.915421e+01 2.432391e+01
4.435560e-01 5.921901e+01 2.439923e+01
4.462240e-01 5.928421e+01 2.447464e+01
4.489000e-01 5.934980e+01 2.455014e+01
4.515840e-01 5.941580e+01 2.462572e+01
4.542760e-01 5.948219e+01 2.470163e+01
4.569760e-01 5.954899e+01 2.477915e+01
4.596840e-01 5.961620e+01 2.485840e+01
4.624000e-01 5.968382e+01 2.493933e+01
4.651240e-01 5.975187e+01 2.502192e+01
4.678560e-01 5.982034e+01 2.510612e+01
4.705960e-01 5.988925e+01 2.519188e+01
4.733440e-01 5.995860e+01 2.527918e+01
4.761000e-01 6.002839e+01 2.536798e+01
4.788640e-01 6.009863e+01 2.545824e+01
4.816360e-01 6.016933e+01 2.554993e+01
4.844160e-01 6.024049e+01 2.564300e+01
4.872040e-01 6.031211e+01 2.573744e+01
4.900000e-01 6.038421e+01 2.583319e+01
4.928040e-01 6.045678e+01 2.593024e+01
4.956160e-01 6.052983e+01 2.602855e+01
4.984360e-01 6.060337e+01 2.612809e+01
5.012640e-01 6.067741e+01 2.622883e+01
5.041000e-01 6.075194e+01 2.633073e+01
5.069440e-01 6.082697e+01 2.643378e+01
5.097960e-01 6.090250e+01 2.653793e+01
5.126560e-01 6.097855e+01 2.664317e+01
5.155240e-01 6.105512e+01 2.674946e+01
5.184000e-01 6.113220e+01 2.685678e+01
5.212840e-01 6.120981e+01 2.696511e+01
5.241760e-01 6.128795e+01 2.707440e+01
5.270760e-01 6.136663e+01 2.718465e+01
5.299840e-01 6.144584e+01 2.729583e+01
5.329000e-01 6.152560e+01 2.740790e+01
5.358240e-01 6.160591e+01 2.752085e+01
5.387560e-01 6.168677e+01 2.763466e+01
5.416960e-01 6.176818e+01 2.774930e+01
5.446440e-01 6.185016e+01 2.786474e+01
5.476000e-01 6.193270e+01 2.798098e+01
5.505640e-01 6.201580e+01 2.809797e+01
5.535360e-01 6.209949e+01 2.821572e+01
5.565160e-01 6.218375e+01 2.833418e+01
5.595040e-01 6.226859e+01 2.845335e+01
5.625000e-01 6.235401e+01 2.857320e+01
5.655040e-01 6.244003e+01 2.869372e+01
5.685160e-01 6.252663e+01 2.881488e+01
5.715360e-01 6.261384e+01 2.893667e+01
5.745640e-01 6.270164e+01 2.905907e+01
5.776000e-01 6.279005e+01 2.918205e+01
5.806440e-01 6.287907e+01 2.930561e+01
5.836960e-01 6.296870e+01 2.942973e+01
5.867560e-01 6.305895e+01 2.955438e+01
5.898240e-01 6.314981e+01 2.967956e+01
5.929000e-01 6.324130e+01 2.980524e+01
5.959840e-01 6.333341e+01 2.993141e+01
5.990760e-01 6.342616e+01 3.005805e+01
6.021760e-01 6.351954e+01 3.018516e+01
6.052840e-01 6.361355e+01 3.031271e+01
6.084000e-01 6.370820e+01 3.044069e+01
6.115240e-01 6.380350e+01 3.056908e+01
6.146560e-01 6.389944e+01 3.069814e+01
6.177960e-01 6.399604e+01 3.082960e+01
6.209440e-01 6.409330e+01 3.096372e+01
6.241000e-01 6.419124e+01 3.110044e+01
6.272640e-01 6.428986e+01 3.123972e+01
6.304360e-01 6.438918e+01 3.138150e+01
6.336160e-01 6.448920e+01 3.152574e+01
6.368040e-01 6.458994e+01 3.167237e+01
6.400000e-01 6.469140e+01 3.182135e+01
6.432040e-01 6.479360e+01 3.197264e+01
6.464160e-01 6.489654e+01 3.212619e+01
6.496360e-01 6.500024e+01 3.228194e+01
6.528640e-01 6.510470e+01 3.243986e+01
6.561000e-01 6.520993e+01 3.259990e+01
6.593440e-01 6.531595e+01 3.276201e+01
6.625960e-01 6.542276e+01 3.292615e+01
6.658560e-01 6.553037e+01 3.309229e+01
6.691240e-01 6.563879e+01 3.326037e+01
6.724000e-01 6.574802e+01 3.343035e+01
6.756840e-01 6.585809e+01 3.360221e+01
6.789760e-01 6.596900e+01 3.377588e+01
6.822760e-01 6.608075e+01 3.395135e+01
6.855840e-01 6.619335e+01 3.412856e+01
6.889000e-01 6.630682e+01 3.430749e+01
6.922240e-01 6.642115e+01 3.448809e+01
6.955560e-01 6.653637e+01 3.467033e+01
6.988960e-01 6.665248e+01 3.485417e+01
7.022440e-01 6.676948e+01 3.503958e+01
7.056000e-01 6.688739e+01 3.522652e+01
7.089640e-01 6.700620e+01 3.541496e+01
7.123360e-01 6.712594e+01 3.560487e+01
7.157160e-01 6.724661e+01 3.579621e+01
7.191040e-01 6.736821e+01 3.598895e+01
7.225000e-01 6.749076e+01 3.618307e+01
7.259040e-01 6.761426e+01 3.637852e+01
7.293160e-01 6.773872e+01 3.657528e+01
7.327360e-01 6.786415e+01 3.677332e+01
7.361640e-01 6.799055e+01 3.697261e+01
7.396000e-01 6.811793e+01 3.717311e+01
7.430440e-01 6.824630e+01 3.737482e+01
7.464960e-01 6.837567e+01 3.757768e+01
7.499560e-01 6.850604e+01 3.778168e+01
7.534240e-01 6.863742e+01 3.798679e+01
7.569000e-01 6.876982e+01 3.819299e+01
7.603840e-01 6.890325e+01 3.840042e+01
7.638760e-01 6.903771e+01 3.861143e+01
7.673760e-01 6.917322e+01 3.882668e+01
7.708840e-01 6.930981e+01 3.904611e+01
7.744000e-01 6.944749e+01 3.926962e+01
7.779240e-01 6.958628e+01 3.949716e+01
7.814560e-01 6.972619e+01 3.972865e+01
7.849960e-01 6.986724e+01 3.996402e+01
7.885440e-01 7.000946e+01 4.020319e+01
7.921000e-01 7.015285e+01 4.044610e+01
7.956640e-01 7.029744e+01 4.069267e+01
7.992360e-01 7.044324e+01 4.094285e+01
8.028160e-01 7.059027e+01 4.119657e+01
8.064040e-01 7.073854e+01 4.145375e+01
8.100000e-01 7.088808e+01 4.171435e+01
8.136040e-01 7.103889e+01 4.197828e+01
8.172160e-01 7.119100e+01 4.224550e+01
8.208360e-01 7.134442e+01 4.251594e+01
8.244640e-01 7.149916e+01 4.278955e+01
8.281000e-01 7.165525e+01 4.306625e+01
8.317440e-01 7.181269e+01 4.334600e+01
8.353960e-01 7.197150e+01 4.362874e+01
8.390560e-01 7.213171e+01 4.391441e+01
8.427240e-01 7.229331e+01 4.420295e+01
8.464000e-01 7.245634e+01 4.449432e+01
8.500840e-01 7.262080e+01 4.478845e+01
8.537760e-01 7.278670e+01 4.508530e+01
8.574760e-01 7.295407e+01 4.538481e+01
8.611840e-01 7.312292e+01 4.568693e+01
8.649000e-01 7.329326e+01 4.599161e+01
8.686240e-01 7.346510e+01 4.629881e+01
8.723560e-01 7.363846e+01 4.660847e+01
8.760960e-01 7.381336e+01 4.692054e+01
8.798440e-01 7.398981e+01 4.723499e+01
8.836000e-01 7.416782e+01 4.755175e+01
8.873640e-01 7.434740e+01 4.787082e+01
8.911360e-01 7.452858e+01 4.819468e+01
8.949160e-01 7.471138e+01 4.852495e+01
8.987040e-01 7.489583e+01 4.886150e+01
9.025000e-01 7.508196e+01 4.920423e+01
9.063040e-01 7.526979e+01 4.955304e+01
9.101160e-01 7.545936e+01 4.990783e+01
9.139360e-01 7.565070e+01 5.026851e+01
9.177640e-01 7.584382e+01 5.063496e+01
9.216000e-01 7.603877e+01 5.100710e+01
9.254440e-01 7.623557e+01 5.138483e+01
9.292960e-01 7.643424e+01 5.176805e+01
9.331560e-01 7.663481e+01 5.215668e+01
9.370240e-01 7.683731e+01 5.255062e+01
9.409000e-01 7.704177e+01 5.294979e+01
9.447840e-01 7.724821e+01 5.335409e+01
9.486760e-01 7.745666e+01 5.376343e+01
9.525760e-01 7.766715e+01 5.417774e+01
9.564840e-01 7.787969e+01 5.459692e+01
9.604000e-01 7.809432e+01 5.502090e+01
9.643240e-01 7.831106e+01 5.544959e+01
9.682560e-01 7.852994e+01 5.588291e+01
9.721960e-01 7.875098e+01 5.632078e+01
9.761440e-01 7.897421e+01 5.676312e+01
9.801000e-01 7.919965e+01 5.720986e+01
9.840640e-01 7.942732e+01 5.766091e+01
9.880360e-01 7.965725e+01 5.811621e+01
9.920160e-01 7.988947e+01 5.857568e+01
9.960040e-01 8.012399e+01 5.903925e+01
1.000000e+00 8.036085e+01 5.950958e+01
1.004004e+00 8.060008e+01 5.999044e+01
1.008016e+00 8.084175e+01 6.048169e+01
1.012036e+00 8.108589e+01 6.098317e+01
1.016064e+00 8.133256e+01 6.149473e+01
1.020100e+00 8.158180e+01 6.201620e+01
1.024144e+00 8.183366e+01 6.254744e+01
1.028196e+00 8.208820e+01 6.308830e+01
1.032256e+00 8.234545e+01 6.363862e+01
1.036324e+00 8.260547e+01 6.419826e+01
1.040400e+00 8.286830e+01 6.476708e+01
1.044484e+00 8.313398e+01 6.534493e+01
1.048576e+00 8.340257e+01 6.593168e+01
1.052676e+00 8.367411e+01 6.652717e+01
1.056784e+00 8.394864e+01 6.713129e+01
1.060900e+00 8.422621e+01 6.774388e+01
1.065024e+00 8.450687e+01 6.836483e+01
1.069156e+00 8.479065e+01 6.899399e+01
1.073296e+00 8.507760e+01 6.963124e+01
1.077444e+00 8.536777e+01 7.027645e+01
1.081600e+00 8.566119e+01 7.092949e+01
1.085764e+00 8.595791e+01 7.159025e+01
1.089936e+00 8.625798e+01 7.225861e+01
1.094116e+00 8.656143e+01 7.293668e+01
1.098304e+00 8.686833e+01 7.362574e+01
1.102500e+00 8.717873e+01 7.432564e+01
1.106704e+00 8.749269e+01 7.503622e+01
1.110916e+00 8.781025e+01 7.575730e+01
1.115136e+00 8.813149e+01 7.648874e+01
1.119364e+00 8.845645e+01 7.723037e+01
1.123600e+00 8.878519e+01 7.798204e+01
1.127844e+00 8.911776e+01 7.874360e+01
1.132096e+00 8.945421e+01 7.951490e+01
1.136356e+00 8.979460e+01 8.029578e+01
1.140624e+00 9.013899e+01 8.108609e+01
1.144900e+00 9.048742e+01 8.188571e+01
1.149184e+00 9.083995e+01 8.269447e+01
1.153476e+00 9.119663e+01 8.351224e+01
1.157776e+00 9.155750e+01 8.433888e+01
1.162084e+00 9.192263e+01 8.517426e+01
1.166400e+00 9.229206e+01 8.601823e+01
1.170724e+00 9.266585e+01 8.687261e+01
1.175056e+00 9.304407e+01 8.775165e+01
1.179396e+00 9.342687e+01 8.865795e+01
1.183744e+00 9.381438e+01 8.959113e+01
1.188100e+00 9.420672e+01 9.055083e+01
1.192464e+00 9.460402e+01 9.153668e+01
1.196836e+00 9.500643e+01 9.254832e+01
1.201216e+00 9.541405e+01 9.358539e+01
1.205604e+00 9.582703e+01 9.464755e+01
1.210000e+00 9.624548e+01 9.573444e+01
1.214404e+00 9.666953e+01 9.684573e+01
1.218816e+00 9.709931e+01 9.798108e+01
1.223236e+00 9.753494e+01 9.914016e+01
1.227664e+00 9.797654e+01 1.003226e+02
1.232100e+00 9.842424e+01 1.015282e+02
1.236544e+00 9.887815e+01 1.027565e+02
1.240996e+00 9.933840e+01 1.040072e+02
1.245456e+00 9.980510e+01 1.052801e+02
1.249924e+00 1.002784e+02 1.065747e+02
1.254400e+00 1.007583e+02 1.078909e+02
1.258884e+00 1.012451e+02 1.092283e+02
1.263376e+00 1.017388e+02 1.105866e+02
1.267876e+00 1.022396e+02 1.119655e+02
1.272384e+00 1.027474e+02 1.133647e+02
1.276900e+00 1.032626e+02 1.147840e+02
1.281424e+00 1.037851e+02 1.162231e+02
1.285956e+00 1.043151e+02 1.176816e+02
1.290496e+00 1.048528e+02 1.191593e+02
1.295044e+00 1.053981e+02 1.206560e+02
1.299600e+00 1.059513e+02 1.221713e+02
1.304164e+00 1.065123e+02 1.237051e+02
1.308736e+00 1.070815e+02 1.252569e+02
1.313316e+00 1.076587e+02 1.268267e+02
1.317904e+00 1.082442e+02 1.284140e+02
1.322500e+00 1.088381e+02 1.300194e+02
1.327104e+00 1.094405e+02 1.316666e+02
1.331716e+00 1.100517e+02 1.333676e+02
1.336336e+00 1.106718e+02 1.351216e+02
1.340964e+00 1.113013e+02 1.369280e+02
1.345600e+00 1.119404e+02 1.387861e+02
1.350244e+00 1.125894e+02 1.406953e+02
1.354896e+00 1.132484e+02 1.426548e+02
1.359556e+00 1.139179e+02 1.446641e+02
1.364224e+00 1.145979e+02 1.467225e+02
1.368900e+00 1.152889e+02 1.488293e+02
1.373584e+00 1.159911e+02 1.509840e+02
1.378276e+00 1.167046e+02 1.531859e+02
1.382976e+00 1.174299e+02 1.554343e+02
1.387684e+00 1.181670e+02 1.577288e+02
1.392400e+00 1.189164e+02 1.600687e+02
1.397124e+00 1.196782e+02 1.624534e+02
1.401856e+00 1.204526e+02 1.648823e+02
1.406596e+00 1.212400e+02 1.673549e+02
1.411344e+00 1.220406e+02 1.698706e+02
1.416100e+00 1.228546e+02 1.724288e+02
1.420864e+00 1.236822e+02 1.750290e+02
1.425636e+00 1.245237e+02 1.776706e+02
1.430416e+00 1.253794e+02 1.803531e+02
1.435204e+00 1.262494e+02 1.831019e+02
1.440000e+00 1.271344e+02 1.859460e+02
1.444804e+00 1.280347e+02 1.888844e+02
1.449616e+00 1.289509e+02 1.919158e+02
1.454436e+00 1.298834e+02 1.950390e+02
1.459264e+00 1.308328e+02 1.982531e+02
1.464100e+00 1.317995e+02 2.015568e+02
1.468944e+00 1.327840e+02 2.049490e+02
1.473796e+00 1.337868e+02 2.084287e+02
1.478656e+00 1.348084e+02 2.119947e+02
1.483524e+00 1.358493e+02 2.156461e+02
1.488400e+00 1.369098e+02 2.193817e+02
1.493284e+00 1.379906e+02 2.232005e+02
1.498176e+00 1.390920e+02 2.271015e+02
1.503076e+00 1.402145e+02 2.310837e+02
1.507984e+00 1.413586e+02 2.351460e+02
1.512900e+00 1.425247e+02 2.392883e+02
1.517824e+00 1.437134e+02 2.435435e+02
1.522756e+00 1.449253e+02 2.479281e+02
1.527696e+00 1.461612e+02 2.524406e+02
1.532644e+00 1.474217e+02 2.570793e+02
1.537600e+00 1.487075e+02 2.618427e+02
1.542564e+00 1.500194e+02 2.667294e+02
1.547536e+00 1.513580e+02 2.717379e+02
1.552516e+00 1.527240e+02 2.768668e+02
1.557504e+00 1.541180e+02 2.821144e+02
1.562500e+00 1.555408e+02 2.874795e+02
1.567504e+00 1.569930e+02 2.929606e+02
1.572516e+00 1.584753e+02 2.985563e+02
1.577536e+00 1.599884e+02 3.042790e+02
1.582564e+00 1.615332e+02 3.102408e+02
1.587600e+00 1.631111e+02 3.164643e+02
1.592644e+00 1.647236e+02 3.229464e+02
1.597696e+00 1.663721e+02 3.296842e+02
1.602756e+00 1.680578e+02 3.366747e+02
1.607824e+00 1.697824e+02 3.439149e+02
1.612900e+00 1.715470e+02 3.514020e+02
1.617984e+00 1.733531e+02 3.591332e+02
1.623076e+00 1.752020e+02 3.671055e+02
1.628176e+00 1.770950e+02 3.753163e+02
1.633284e+00 1.790336e+02 3.837627e+02
1.638400e+00 1.810191e+02 3.924420e+02
1.643524e+00 1.830527e+02 4.013515e+02
1.648656e+00 1.851358e+02 4.104885e+02
1.653796e+00 1.872697e+02 4.198504e+02
1.658944e+00 1.894556e+02 4.294346e+02
1.664100e+00 1.916950e+02 4.392385e+02
1.669264e+00 1.939890e+02 4.492633e+02
1.674436e+00 1.963393e+02 4.596488e+02
1.679616e+00 1.987481e+02 4.704627e+02
1.684804e+00 2.012178e+02 4.817001e+02
1.690000e+00 2.037508e+02 4.933562e+02
1.695204e+00 2.063495e+02 5.054264e+02
1.700416e+00 2.090161e+02 5.179060e+02
1.705636e+00 2.117531e+02 5.307905e+02
1.710864e+00 2.145626e+02 5.440751e+02
1.716100e+00 2.174470e+02 5.577555e+02
1.721344e+00 2.204086e+02 5.718271e+02
1.726596e+00 2.234497e+02 5.862856e+02
1.731856e+00 2.265724e+02 6.011265e+02
1.737124e+00 2.297792e+02 6.164200e+02
1.742400e+00 2.330734e+02 6.324601e+02
1.747684e+00 2.364594e+02 6.492698e+02
1.752976e+00 2.399415e+02 6.668409e+02
1.758276e+00 2.435240e+02 6.851648e+02
1.763584e+00 2.472111e+02 7.042335e+02
1.768900e+00 2.510072e+02 7.240387e+02
1.774224e+00 2.549163e+02 7.445724e+02
1.779556e+00 2.589427e+02 7.658266e+02
1.784896e+00 2.630906e+02 7.877933e+02
1.790244e+00 2.673640e+02 8.104647e+02
1.795600e+00 2.717672e+02 8.338332e+02
1.800964e+00 2.763041e+02 8.578909e+02
1.806336e+00 2.809788e+02 8.826305e+02
1.811716e+00 2.857955e+02 9.080442e+02
1.817104e+00 2.907580e+02 9.341247e+02
1.822500e+00 2.958704e+02 9.608648e+02
1.827904e+00 3.011370e+02 9.884527e+02
1.833316e+00 3.065636e+02 1.017139e+03
1.838736e+00 3.121568e+02 1.046914e+03
1.844164e+00 3.179227e+02 1.077766e+03
1.849600e+00 3.238677e+02 1.109683e+03
1.855044e+00 3.299981e+02 1.142653e+03
1.860496e+00 3.363201e+02 1.176665e+03
1.865956e+00 3.428399e+02 1.211708e+03
1.871424e+00 3.495637e+02 1.247771e+03
1.876900e+00 3.564976e+02 1.284843e+03
1.882384e+00 3.636476e+02 1.322913e+03
1.887876e+00 3.710199e+02 1.361974e+03
1.893376e+00 3.786204e+02 1.402019e+03
1.898884e+00 3.864553e+02 1.443038e+03
1.904400e+00 3.945305e+02 1.485020e+03
1.909924e+00 4.028519e+02 1.527955e+03
1.915456e+00 4.114255e+02 1.571834e+03
1.920996e+00 4.202572e+02 1.616644e+03
1.926544e+00 4.293528e+02 1.662377e+03
1.932100e+00 4.387181e+02 1.708945e+03
1.937664e+00 4.483577e+02 1.756123e+03
1.943236e+00 4.582756e+02 1.803888e+03
1.948816e+00 4.684760e+02 1.852235e+03
1.954404e+00 4.789627e+02 1.901158e+03
1.960000e+00 4.897398e+02 1.950649e+03
1.965604e+00 5.008113e+02 2.000698e+03
1.971216e+00 5.121803e+02 2.050996e+03
1.976836e+00 5.238484e+02 2.101351e+03
1.982464e+00 5.358167e+02 2.151762e+03
1.988100e+00 5.480863e+02 2.202228e+03
1.993744e+00 5.606582e+02 2.252748e+03
1.999396e+00 5.735336e+02 2.303236e+03
2.005056e+00 5.867119e+02 2.353307e+03
2.010724e+00 6.001912e+02 2.402913e+03
2.016400e+00 6.139699e+02 2.452061e+03
2.022084e+00 6.280460e+02 2.500752e+03
2.027776e+00 6.424178e+02 2.548909e+03
2.033476e+00 6.570820e+02 2.596285e+03
2.039184e+00 6.720349e+02 2.642867e+03
2.044900e+00 6.872728e+02 2.688663e+03
2.050624e+00 7.027920e+02 2.733664e+03
2.056356e+00 7.185878e+02 2.777568e+03
2.062096e+00 7.346542e+02 2.820268e+03
2.067844e+00 7.509849e+02 2.861774e+03
2.073600e+00 7.675739e+02 2.902098e+03
2.079364e+00 7.844151e+02 2.941250e+03
2.085136e+00 8.015022e+02 2.979241e+03
2.090916e+00 8.188292e+02 3.016081e+03
2.096704e+00 8.363902e+02 3.051782e+03
2.102500e+00 8.541791e+02 3.086354e+03
2.108304e+00 8.721899e+02 3.119766e+03
2.114116e+00 8.904159e+02 3.151857e+03
2.119936e+00 9.088499e+02 3.182618e+03
2.125764e+00 9.274846e+02 3.212063e+03
2.131600e+00 9.463130e+02 3.240203e+03
2.137444e+00 9.653278e+02 3.267050e+03
2.143296e+00 9.845220e+02 3.292617e+03
2.149156e+00 1.003889e+03 3.316915e+03
2.155024e+00 1.023420e+03 3.339956e+03
2.160900e+00 1.043111e+03 3.361975e+03
2.166784e+00 1.062956e+03 3.383144e+03
2.172676e+00 1.082950e+03 3.403471e+03
2.178576e+00 1.103088e+03 3.422963e+03
2.184484e+00 1.123366e+03 3.441630e+03
2.190400e+00 1.143780e+03 3.459477e+03
2.196324e+00 1.164325e+03 3.476512e+03
2.202256e+00 1.184996e+03 3.492743e+03
2.208196e+00 1.205789e+03 3.508178e+03
2.214144e+00 1.226700e+03 3.522823e+03
2.220100e+00 1.247724e+03 3.536685e+03
2.226064e+00 1.268856e+03 3.549772e+03
2.232036e+00 1.290092e+03 3.562091e+03
2.238016e+00 1.311428e+03 3.573648e+03
2.244004e+00 1.332860e+03 3.584451e+03
2.250000e+00 1.354383e+03 3.594559e+03
2.256004e+00 1.375994e+03 3.604054e+03
2.262016e+00 1.397688e+03 3.612943e+03
2.268036e+00 1.419464e+03 3.621230e+03
2.274064e+00 1.441316e+03 3.628921e+03
2.280100e+00 1.463242e+03 3.636022e+03
2.286144e+00 1.485238e+03 3.642539e+03
2.292196e+00 1.507301e+03 3.648475e+03
2.298256e+00 1.529427e+03 3.653836e+03
2.304324e+00 1.551613e+03 3.658629e+03
2.310400e+00 1.573856e+03 3.662857e+03
2.316484e+00 1.596153e+03 3.666526e+03
2.322576e+00 1.618499e+03 3.669642e+03
2.328676e+00 1.640892e+03 3.672212e+03
2.334784e+00 1.663329e+03 3.674605e+03
2.340900e+00 1.685810e+03 3.677065e+03
2.347024e+00 1.708336e+03 3.679593e+03
2.353156e+00 1.730907e+03 3.682186e+03
2.359296e+00 1.753524e+03 3.684845e+03
2.365444e+00 1.776187e+03 3.687570e+03
2.371600e+00 1.798896e+03 3.690358e+03
2.377764e+00 1.821652e+03 3.693210e+03
2.383936e+00 1.844456e+03 3.696125e+03
2.390116e+00 1.867307e+03 3.699103e+03
2.396304e+00 1.890206e+03 3.702143e+03
2.402500e+00 1.913155e+03 3.705244e+03
2.408704e+00 1.936152e+03 3.708405e+03
2.414916e+00 1.959198e+03 3.711627e+03
2.421136e+00 1.982295e+03 3.714908e+03
2.427364e+00 2.005442e+03 3.718248e+03
2.433600e+00 2.028639e+03 3.721647e+03
2.439844e+00 2.051888e+03 3.725103e+03
2.446096e+00 2.075188e+03 3.728617e+03
2.452356e+00 2.098540e+03 3.732187e+03
2.458624e+00 2.121945e+03 3.735813e+03
2.464900e+00 2.145403e+03 3.739495e+03
2.471184e+00 2.168913e+03 3.743232e+03
2.477476e+00 2.192478e+03 3.747024e+03
2.483776e+00 2.216096e+03 3.750869e+03
2.490084e+00 2.239769e+03 3.754768e+03
2.496400e+00 2.263496e+03 3.758720e+03
2.502724e+00 2.287279e+03 3.762724e+03
2.509056e+00 2.311117e+03 3.766781e+03
2.515396e+00 2.335012e+03 3.770888e+03
2.521744e+00 2.358963e+03 3.775047e+03
2.528100e+00 2.382970e+03 3.779256e+03
2.534464e+00 2.407035e+03 3.783514e+03
2.540836e+00 2.431157e+03 3.787822e+03
2.547216e+00 2.455337e+03 3.792179e+03
2.553604e+00 2.479576e+03 3.796585e+03
2.560000e+00 2.503873e+03 3.801038e+03
2.566404e+00 2.528229e+03 3.805539e+03
2.572816e+00 2.552645e+03 3.810087e+03
2.579236e+00 2.577120e+03 3.814682e+03
2.585664e+00 2.601656e+03 3.819322e+03
2.592100e+00 2.626252e+03 3.824009e+03
2.598544e+00 2.650909e+03 3.828740e+03
2.604996e+00 2.675628e+03 3.833516e+03
2.611456e+00 2.700408e+03 3.838336e+03
2.617924e+00 2.725250e+03 3.843201e+03
2.624400e+00 2.750154e+03 3.848108e+03
2.630884e+00 2.775122e+03 3.853059e+03
2.637376e+00 2.800152e+03 3.858052e+03
2.643876e+00 2.825245e+03 3.863087e+03
2.650384e+00 2.850403e+03 3.868164e+03
2.656900e+00 2.875625e+03 3.873282e+03
2.663424e+00 2.900911e+03 3.878441e+03
2.669956e+00 2.926262e+03 3.883641e+03
2.676496e+00 2.951678e+03 3.888881e+03
2.683044e+00 2.977159e+03 3.894160e+03
2.689600e+00 3.002707e+03 3.899478e+03
2.696164e+00 3.028321e+03 3.904835e+03
2.702736e+00 3.054001e+03 3.910261e+03
2.709316e+00 3.079749e+03 3.915989e+03
2.715904e+00 3.105568e+03 3.922071e+03
2.722500e+00 3.131459e+03 3.928502e+03
2.729104e+00 3.157425e+03 3.935279e+03
2.735716e+00 3.183468e+03 3.942400e+03
2.742336e+00 3.209591e+03 3.949861e+03
2.748964e+00 3.235797e+03 3.957660e+03
2.755600e+00 3.262086e+03 3.965793e+03
2.762244e+00 3.288463e+03 3.974258e+03
2.768896e+00 3.314929e+03 3.983052e+03
2.775556e+00 3.341486e+03 3.992171e+03
2.782224e+00 3.368137e+03 4.001614e+03
2.788900e+00 3.394885e+03 4.011377e+03
2.795584e+00 3.421730e+03 4.021457e+03
2.802276e+00 3.448676e+03 4.031853e+03
2.808976e+00 3.475725e+03 4.042560e+03
2.815684e+00 3.502880e+03 4.053577e+03
2.822400e+00 3.530141e+03 4.064900e+03
2.829124e+00 3.557513e+03 4.076527e+03
2.835856e+00 3.584996e+03 4.088455e+03
2.842596e+00 3.612593e+03 4.100682e+03
2.849344e+00 3.640307e+03 4.113205e+03
2.856100e+00 3.668139e+03 4.126021e+03
2.862864e+00 3.696091e+03 4.139128e+03
2.869636e+00 3.724166e+03 4.152524e+03
2.876416e+00 3.752367e+03 4.166205e+03
2.883204e+00 3.780694e+03 4.180170e+03
2.890000e+00 3.809151e+03 4.194415e+03
2.896804e+00 3.837739e+03 4.208939e+03
2.903616e+00 3.866461e+03 4.223738e+03
2.910436e+00 3.895318e+03 4.238812e+03
2.917264e+00 3.924313e+03 4.254156e+03
2.924100e+00 3.953447e+03 4.269769e+03
2.930944e+00 3.982724e+03 4.285648e+03
2.937796e+00 4.012144e+03 4.301791e+03
2.944656e+00 4.041711e+03 4.318196e+03
2.951524e+00 4.071425e+03 4.334861e+03
2.958400e+00 4.101290e+03 4.351782e+03
2.965284e+00 4.131306e+03 4.368958e+03
2.972176e+00 4.161477e+03 4.386387e+03
2.979076e+00 4.191804e+03 4.404066e+03
2.985984e+00 4.222289e+03 4.421993e+03
2.992900e+00 4.252934e+03 4.440167e+03
2.999824e+00 4.283742e+03 4.458583e+03
3.006756e+00 4.314713e+03 4.477242e+03
3.013696e+00 4.345851e+03 4.496294e+03
3.020644e+00 4.377160e+03 4.516168e+03
3.027600e+00 4.408646e+03 4.536885e+03
3.034564e+00 4.440315e+03 4.558437e+03
3.041536e+00 4.472174e+03 4.580818e+03
3.048516e+00 4.504229e+03 4.604020e+03
3.055504e+00 4.536485e+03 4.628037e+03
3.062500e+00 4.568949e+03 4.652861e+03
3.069504e+00 4.601627e+03 4.678487e+03
3.076516e+00 4.634525e+03 4.704908e+03
3.083536e+00 4.667648e+03 4.732116e+03
3.090564e+00 4.701004e+03 4.760107e+03
3.097600e+00 4.734596e+03 4.788871e+03
3.104644e+00 4.768433e+03 4.818405e+03
3.111696e+00 4.802519e+03 4.848701e+03
3.118756e+00 4.836860e+03 4.879752e+03
3.125824e+00 4.871462e+03 4.911553e+03
3.132900e+00 4.906331e+03 4.944097e+03
3.139984e+00 4.941472e+03 4.977379e+03
3.147076e+00 4.976892e+03 5.011391e+03
3.154176e+00 5.012596e+03 5.046128e+03
3.161284e+00 5.048589e+03 5.081584e+03
3.168400e+00 5.084878e+03 5.117753e+03
3.175524e+00 5.121468e+03 5.154628e+03
3.182656e+00 5.158364e+03 5.192204e+03
3.189796e+00 5.195573e+03 5.230476e+03
3.196944e+00 5.233099e+03 5.269437e+03
3.204100e+00 5.270949e+03 5.309081e+03
3.211264e+00 5.309127e+03 5.349403e+03
3.218436e+00 5.347639e+03 5.390398e+03
3.225616e+00 5.386492e+03 5.432059e+03
3.232804e+00 5.425689e+03 5.474380e+03
3.240000e+00 5.465237e+03 5.517357e+03
3.247204e+00 5.505141e+03 5.560984e+03
3.254416e+00 5.545406e+03 5.605255e+03
3.261636e+00 5.586038e+03 5.650394e+03
3.268864e+00 5.627046e+03 5.696583e+03
3.276100e+00 5.668436e+03 5.743812e+03
3.283344e+00 5.710219e+03 5.792075e+03
3.290596e+00 5.752401e+03 5.841362e+03
3.297856e+00 5.794991e+03 5.891664e+03
3.305124e+00 5.837998e+03 5.942975e+03
3.312400e+00 5.881429e+03 5.995285e+03
3.319684e+00 5.925292e+03 6.048586e+03
3.326976e+00 5.969595e+03 6.102871e+03
3.334276e+00 6.014348e+03 6.158130e+03
3.341584e+00 6.059556e+03 6.214356e+03
3.348900e+00 6.105229e+03 6.271542e+03
3.356224e+00 6.151374e+03 6.329679e+03
3.363556e+00 6.197999e+03 6.388760e+03
3.370896e+00 6.245113e+03 6.448777e+03
3.378244e+00 6.292722e+03 6.509722e+03
3.385600e+00 6.340834e+03 6.571587e+03
3.392964e+00 6.389458e+03 6.634365e+03
3.400336e+00 6.438601e+03 6.698049e+03
3.407716e+00 6.488270e+03 6.762630e+03
3.415104e+00 6.538474e+03 6.828103e+03
3.422500e+00 6.589219e+03 6.894458e+03
3.429904e+00 6.640514e+03 6.961689e+03
3.437316e+00 6.692366e+03 7.029790e+03
3.444736e+00 6.744783e+03 7.098752e+03
3.452164e+00 6.797771e+03 7.168568e+03
3.459600e+00 6.851339e+03 7.239232e+03
3.467044e+00 6.905493e+03 7.310736e+03
3.474496e+00 6.960242e+03 7.383074e+03
3.481956e+00 7.015592e+03 7.456238e+03
3.489424e+00 7.071551e+03 7.530222e+03
3.496900e+00 7.128126e+03 7.605018e+03
3.504384e+00 7.185324e+03 7.680621e+03
3.511876e+00 7.243153e+03 7.757023e+03
3.519376e+00 7.301620e+03 7.834218e+03
3.526884e+00 7.360732e+03 7.912200e+03
3.534400e+00 7.420495e+03 7.990961e+03
3.541924e+00 7.480918e+03 8.070495e+03
3.549456e+00 7.542007e+03 8.150796e+03
3.556996e+00 7.603769e+03 8.231857e+03
3.564544e+00 7.666212e+03 8.313672e+03
3.572100e+00 7.729341e+03 8.396234e+03
3.579664e+00 7.793165e+03 8.479538e+03
3.587236e+00 7.857690e+03 8.563578e+03
3.594816e+00 7.922923e+03 8.648423e+03
3.602404e+00 7.988883e+03 8.738066e+03
3.610000e+00 8.055620e+03 8.834718e+03
3.617604e+00 8.123189e+03 8.938328e+03
3.625216e+00 8.191643e+03 9.048842e+03
3.632836e+00 8.261039e+03 9.166210e+03
3.640464e+00 8.331428e+03 9.290380e+03
3.648100e+00 8.402865e+03 9.421301e+03
3.655744e+00 8.475403e+03 9.558923e+03
3.663396e+00 8.549096e+03 9.703196e+03
3.671056e+00 8.623996e+03 9.854071e+03
3.678724e+00 8.700157e+03 1.001150e+04
3.686400e+00 8.777630e+03 1.017542e+04
3.694084e+00 8.856468e+03 1.034581e+04
3.701776e+00 8.936724e+03 1.052260e+04
3.709476e+00 9.018450e+03 1.070574e+04
3.717184e+00 9.101696e+03 1.089520e+04
3.724900e+00 9.186514e+03 1.109091e+04
3.732624e+00 9.272956e+03 1.129285e+04
3.740356e+00 9.361073e+03 1.150095e+04
3.748096e+00 9.450916e+03 1.171518e+04
3.755844e+00 9.542535e+03 1.193548e+04
3.763600e+00 9.635981e+03 1.216181e+04
3.771364e+00 9.731303e+03 1.239413e+04
3.779136e+00 9.828552e+03 1.263239e+04
3.786916e+00 9.927779e+03 1.287655e+04
3.794704e+00 1.002903e+04 1.312656e+04
3.802500e+00 1.013236e+04 1.338238e+04
3.810304e+00 1.023781e+04 1.364396e+04
3.818116e+00 1.034543e+04 1.390760e+04
3.825936e+00 1.045521e+04 1.416852e+04
3.833764e+00 1.056713e+04 1.442671e+04
3.841600e+00 1.068118e+04 1.468221e+04
3.849444e+00 1.079735e+04 1.493501e+04
3.857296e+00 1.091560e+04 1.518515e+04
3.865156e+00 1.103593e+04 1.543263e+04
3.873024e+00 1.115832e+04 1.567747e+04
3.880900e+00 1.128275e+04 1.591970e+04
3.888784e+00 1.140921e+04 1.615932e+04
3.896676e+00 1.153767e+04 1.639636e+04
3.904576e+00 1.166813e+04 1.663082e+04
3.912484e+00 1.180057e+04 1.686273e+04
3.920400e+00 1.193496e+04 1.709210e+04
3.928324e+00 1.207130e+04 1.731896e+04
3.936256e+00 1.220957e+04 1.754330e+04
3.944196e+00 1.234974e+04 1.776515e+04
3.952144e+00 1.249181e+04 1.798453e+04
3.960100e+00 1.263576e+04 1.820145e+04
3.968064e+00 1.278158e+04 1.841593e+04
3.976036e+00 1.292923e+04 1.862798e+04
3.984016e+00 1.307872e+04 1.883761e+04
3.992004e+00 1.323003e+04 1.904485e+04
