4424 1 1 8.846400e+05 0.000000e+00 -4.761287e-02
4424 1 1 8.846400e+05 8.726646e-03 -4.482679e-02
4424 1 1 8.846400e+05 1.745329e-02 -4.107411e-02
4424 1 1 8.846400e+05 2.617994e-02 -3.744480e-02
4424 1 1 8.846400e+05 3.490659e-02 -3.412267e-02
4424 1 1 8.846400e+05 4.363323e-02 -3.086162e-02
4424 1 1 8.846400e+05 5.235988e-02 -2.788663e-02
4424 1 1 8.846400e+05 6.108652e-02 -2.530690e-02
4424 1 1 8.846400e+05 6.981317e-02 -2.293265e-02
4424 1 1 8.846400e+05 7.853982e-02 -2.078848e-02
4424 1 1 8.846400e+05 8.726646e-02 -1.891997e-02
4424 1 1 8.846400e+05 9.599311e-02 -1.720243e-02
4424 1 1 8.846400e+05 1.047198e-01 -1.563364e-02
4424 1 1 8.846400e+05 1.134464e-01 -1.424289e-02
4424 1 1 8.846400e+05 1.221730e-01 -1.295057e-02
4424 1 1 8.846400e+05 1.308997e-01 -1.175657e-02
4424 1 1 8.846400e+05 1.396263e-01 -1.067223e-02
4424 1 1 8.846400e+05 1.483530e-01 -9.652984e-03
4424 1 1 8.846400e+05 1.570796e-01 -8.698573e-03
4424 1 1 8.846400e+05 1.658063e-01 -7.810530e-03
4424 1 1 8.846400e+05 1.745329e-01 -6.964393e-03
4424 1 1 8.846400e+05 1.832596e-01 -6.161160e-03
4424 1 1 8.846400e+05 1.919862e-01 -5.397812e-03
4424 1 1 8.846400e+05 2.007129e-01 -4.659633e-03
4424 1 5 8.846400e+05 2.094395e-01 -5.022440e-03
4424 1 5 8.846400e+05 2.181662e-01 -6.205157e-03
4424 1 5 8.846400e+05 2.268928e-01 -7.401074e-03
4424 1 5 8.846400e+05 2.356194e-01 -8.643404e-03
4424 1 5 8.846400e+05 2.443461e-01 -9.896403e-03
4424 1 5 8.846400e+05 2.530727e-01 -1.114910e-02
4424 1 5 8.846400e+05 2.617994e-01 -1.244836e-02
4424 1 5 8.846400e+05 2.705260e-01 -1.374946e-02
4424 1 5 8.846400e+05 2.792527e-01 -1.504689e-02
4424 1 5 8.846400e+05 2.879793e-01 -1.638852e-02
4424 1 5 8.846400e+05 2.967060e-01 -1.772536e-02
4424 1 5 8.846400e+05 3.054326e-01 -1.906433e-02
4424 1 5 8.846400e+05 3.141593e-01 -2.042863e-02
4424 1 5 8.846400e+05 3.228859e-01 -2.179455e-02
4424 1 5 8.846400e+05 3.316126e-01 -2.316606e-02
4424 1 5 8.846400e+05 3.403392e-01 -2.454771e-02
4424 1 5 8.846400e+05 3.490659e-01 -2.593581e-02
4424 1 5 8.846400e+05 3.577925e-01 -2.733100e-02
4424 1 5 8.846400e+05 3.665191e-01 -2.872744e-02
4424 1 5 8.846400e+05 3.752458e-01 -3.013264e-02
4424 1 5 8.846400e+05 3.839724e-01 -3.154480e-02
4424 1 5 8.846400e+05 3.926991e-01 -3.295333e-02
4424 1 5 8.846400e+05 4.014257e-01 -3.436791e-02
4424 1 5 8.846400e+05 4.101524e-01 -3.579159e-02
4424 1 5 8.846400e+05 4.188790e-01 -3.721186e-02
4424 1 5 8.846400e+05 4.276057e-01 -3.863053e-02
4424 1 5 8.846400e+05 4.363323e-01 -4.006526e-02
4424 1 5 8.846400e+05 4.450590e-01 -4.149510e-02
4424 1 5 8.846400e+05 4.537856e-01 -4.291464e-02
4424 1 5 8.846400e+05 4.625123e-01 -4.436962e-02
4424 1 5 8.846400e+05 4.712389e-01 -4.582151e-02
4424 1 5 8.846400e+05 4.799655e-01 -4.722690e-02
4424 1 5 8.846400e+05 4.886922e-01 -4.877533e-02
4424 1 5 8.846400e+05 4.974188e-01 -5.010995e-02
4424 1 5 8.846400e+05 5.061455e-01 -5.030451e-02
4424 1 5 8.846400e+05 5.148721e-01 -4.926850e-02
4424 1 5 8.846400e+05 5.235988e-01 -4.761093e-02
4424 1 5 8.846400e+05 5.323254e-01 -4.482523e-02
4424 1 5 8.846400e+05 5.410521e-01 -4.107296e-02
4424 1 5 8.846400e+05 5.497787e-01 -3.744402e-02
4424 1 5 8.846400e+05 5.585054e-01 -3.412217e-02
4424 1 5 8.846400e+05 5.672320e-01 -3.086134e-02
4424 1 5 8.846400e+05 5.759587e-01 -2.788650e-02
4424 1 5 8.846400e+05 5.846853e-01 -2.530684e-02
4424 1 5 8.846400e+05 5.934119e-01 -2.293263e-02
4424 1 5 8.846400e+05 6.021386e-01 -2.078846e-02
4424 1 5 8.846400e+05 6.108652e-01 -1.891994e-02
4424 1 5 8.846400e+05 6.195919e-01 -1.720238e-02
4424 1 5 8.846400e+05 6.283185e-01 -1.563356e-02
4424 1 5 8.846400e+05 6.370452e-01 -1.424273e-02
4424 1 5 8.846400e+05 6.457718e-01 -1.295035e-02
4424 1 5 8.846400e+05 6.544985e-01 -1.175631e-02
4424 1 5 8.846400e+05 6.632251e-01 -1.067198e-02
4424 1 5 8.846400e+05 6.719518e-01 -9.652744e-03
4424 1 5 8.846400e+05 6.806784e-01 -8.698287e-03
4424 1 5 8.846400e+05 6.894051e-01 -7.810147e-03
4424 1 5 8.846400e+05 6.981317e-01 -6.963913e-03
4424 1 5 8.846400e+05 7.068583e-01 -6.160593e-03
4424 1 5 8.846400e+05 7.155850e-01 -5.397166e-03
4424 1 5 8.846400e+05 7.243116e-01 -4.658901e-03
4424 1 3 8.846400e+05 7.330383e-01 -5.019177e-03
4424 1 3 8.846400e+05 7.417649e-01 -6.201833e-03
4424 1 3 8.846400e+05 7.504916e-01 -7.397736e-03
4424 1 3 8.846400e+05 7.592182e-01 -8.640055e-03
4424 1 3 8.846400e+05 7.679449e-01 -9.893072e-03
4424 1 3 8.846400e+05 7.766715e-01 -1.114578e-02
4424 1 3 8.846400e+05 7.853982e-01 -1.244502e-02
4424 1 3 8.846400e+05 7.941248e-01 -1.374608e-02
4424 1 3 8.846400e+05 8.028515e-01 -1.504343e-02
4424 1 3 8.846400e+05 8.115781e-01 -1.638495e-02
4424 1 3 8.846400e+05 8.203047e-01 -1.772171e-02
4424 1 3 8.846400e+05 8.290314e-01 -1.906057e-02
4424 1 3 8.846400e+05 8.377580e-01 -2.042477e-02
4424 1 3 8.846400e+05 8.464847e-01 -2.179061e-02
4424 1 3 8.846400e+05 8.552113e-01 -2.316206e-02
4424 1 3 8.846400e+05 8.639380e-01 -2.454365e-02
4424 1 3 8.846400e+05 8.726646e-01 -2.593166e-02
4424 1 3 8.846400e+05 8.813913e-01 -2.732679e-02
4424 1 3 8.846400e+05 8.901179e-01 -2.872315e-02
4424 1 3 8.846400e+05 8.988446e-01 -3.012823e-02
4424 1 3 8.846400e+05 9.075712e-01 -3.154030e-02
4424 1 3 8.846400e+05 9.162979e-01 -3.294872e-02
4424 1 3 8.846400e+05 9.250245e-01 -3.436315e-02
4424 1 3 8.846400e+05 9.337511e-01 -3.578669e-02
4424 1 3 8.846400e+05 9.424778e-01 -3.720680e-02
4424 1 3 8.846400e+05 9.512044e-01 -3.862531e-02
4424 1 3 8.846400e+05 9.599311e-01 -4.005994e-02
4424 1 3 8.846400e+05 9.686577e-01 -4.148968e-02
4424 1 3 8.846400e+05 9.773844e-01 -4.290919e-02
4424 1 3 8.846400e+05 9.861110e-01 -4.436423e-02
4424 1 3 8.846400e+05 9.948377e-01 -4.581614e-02
4424 1 3 8.846400e+05 1.003564e+00 -4.722171e-02
4424 1 3 8.846400e+05 1.012291e+00 -4.877019e-02
4424 1 3 8.846400e+05 1.021018e+00 -5.010512e-02
4424 1 3 8.846400e+05 1.029744e+00 -5.030150e-02
4424 1 3 8.846400e+05 1.038471e+00 -4.926871e-02
4424 1 3 8.846400e+05 1.047198e+00 -4.761449e-02
4424 1 3 8.846400e+05 1.055924e+00 -4.483252e-02
4424 1 3 8.846400e+05 1.064651e+00 -4.108407e-02
4424 1 3 8.846400e+05 1.073377e+00 -3.745788e-02
4424 1 3 8.846400e+05 1.082104e+00 -3.413765e-02
4424 1 3 8.846400e+05 1.090831e+00 -3.087797e-02
4424 1 3 8.846400e+05 1.099557e+00 -2.790364e-02
4424 1 3 8.846400e+05 1.108284e+00 -2.532359e-02
4424 1 3 8.846400e+05 1.117011e+00 -2.294882e-02
4424 1 3 8.846400e+05 1.125737e+00 -2.080385e-02
4424 1 3 8.846400e+05 1.134464e+00 -1.893352e-02
4424 1 3 8.846400e+05 1.143191e+00 -1.721394e-02
4424 1 3 8.846400e+05 1.151917e+00 -1.564327e-02
4424 1 3 8.846400e+05 1.160644e+00 -1.425067e-02
4424 1 3 8.846400e+05 1.169371e+00 -1.295668e-02
4424 1 3 8.846400e+05 1.178097e+00 -1.176142e-02
4424 1 3 8.846400e+05 1.186824e+00 -1.067617e-02
4424 1 3 8.846400e+05 1.195551e+00 -9.656174e-03
4424 1 3 8.846400e+05 1.204277e+00 -8.701225e-03
4424 1 3 8.846400e+05 1.213004e+00 -7.812858e-03
4424 1 3 8.846400e+05 1.221730e+00 -6.966486e-03
4424 1 3 8.846400e+05 1.230457e+00 -6.163050e-03
4424 1 3 8.846400e+05 1.239184e+00 -5.399529e-03
4424 1 3 8.846400e+05 1.247910e+00 -4.661187e-03
4424 1 1 8.846400e+05 1.256637e+00 -5.025407e-03
4424 1 1 8.846400e+05 1.265364e+00 -6.208023e-03
4424 1 1 8.846400e+05 1.274090e+00 -7.403867e-03
4424 1 1 8.846400e+05 1.282817e+00 -8.646145e-03
4424 1 1 8.846400e+05 1.291544e+00 -9.899091e-03
4424 1 1 8.846400e+05 1.300270e+00 -1.115174e-02
4424 1 1 8.846400e+05 1.308997e+00 -1.245097e-02
4424 1 1 8.846400e+05 1.317724e+00 -1.375203e-02
4424 1 1 8.846400e+05 1.326450e+00 -1.504941e-02
4424 1 1 8.846400e+05 1.335177e+00 -1.639099e-02
4424 1 1 8.846400e+05 1.343904e+00 -1.772778e-02
4424 1 1 8.846400e+05 1.352630e+00 -1.906670e-02
4424 1 1 8.846400e+05 1.361357e+00 -2.043095e-02
4424 1 1 8.846400e+05 1.370083e+00 -2.179682e-02
4424 1 1 8.846400e+05 1.378810e+00 -2.316830e-02
4424 1 1 8.846400e+05 1.387537e+00 -2.454992e-02
4424 1 1 8.846400e+05 1.396263e+00 -2.593797e-02
4424 1 1 8.846400e+05 1.404990e+00 -2.733310e-02
4424 1 1 8.846400e+05 1.413717e+00 -2.872946e-02
4424 1 1 8.846400e+05 1.422443e+00 -3.013458e-02
4424 1 1 8.846400e+05 1.431170e+00 -3.154669e-02
4424 1 1 8.846400e+05 1.439897e+00 -3.295516e-02
4424 1 1 8.846400e+05 1.448623e+00 -3.436968e-02
4424 1 1 8.846400e+05 1.457350e+00 -3.579331e-02
4424 1 1 8.846400e+05 1.466077e+00 -3.721355e-02
4424 1 1 8.846400e+05 1.474803e+00 -3.863223e-02
4424 1 1 8.846400e+05 1.483530e+00 -4.006704e-02
4424 1 1 8.846400e+05 1.492257e+00 -4.149698e-02
4424 1 1 8.846400e+05 1.500983e+00 -4.291662e-02
4424 1 1 8.846400e+05 1.509710e+00 -4.437175e-02
4424 1 1 8.846400e+05 1.518436e+00 -4.582378e-02
4424 1 1 8.846400e+05 1.527163e+00 -4.722928e-02
4424 1 1 8.846400e+05 1.535890e+00 -4.877779e-02
4424 1 1 8.846400e+05 1.544616e+00 -5.011243e-02
4424 1 1 8.846400e+05 1.553343e+00 -5.030695e-02
4424 1 1 8.846400e+05 1.562070e+00 -4.927076e-02
4424 1 1 4.423200e+06 0.000000e+00 -1.189886e+00
4424 1 1 4.423200e+06 8.726646e-03 -1.120364e+00
4424 1 1 4.423200e+06 1.745329e-02 -1.026643e+00
4424 1 1 4.423200e+06 2.617994e-02 -9.359674e-01
4424 1 1 4.423200e+06 3.490659e-02 -8.529507e-01
4424 1 1 4.423200e+06 4.363323e-02 -7.714516e-01
4424 1 1 4.423200e+06 5.235988e-02 -6.970964e-01
4424 1 1 4.423200e+06 6.108652e-02 -6.326168e-01
4424 1 1 4.423200e+06 6.981317e-02 -5.732712e-01
4424 1 1 4.423200e+06 7.853982e-02 -5.196751e-01
4424 1 1 4.423200e+06 8.726646e-02 -4.729686e-01
4424 1 1 4.423200e+06 9.599311e-02 -4.300349e-01
4424 1 1 4.423200e+06 1.047198e-01 -3.908192e-01
4424 1 1 4.423200e+06 1.134464e-01 -3.560536e-01
4424 1 1 4.423200e+06 1.221730e-01 -3.237483e-01
4424 1 1 4.423200e+06 1.308997e-01 -2.939005e-01
4424 1 1 4.423200e+06 1.396263e-01 -2.667939e-01
4424 1 1 4.423200e+06 1.483530e-01 -2.413143e-01
4424 1 1 4.423200e+06 1.570796e-01 -2.174554e-01
4424 1 1 4.423200e+06 1.658063e-01 -1.952555e-01
4424 1 1 4.423200e+06 1.745329e-01 -1.741031e-01
4424 1 1 4.423200e+06 1.832596e-01 -1.540232e-01
4424 1 1 4.423200e+06 1.919862e-01 -1.349404e-01
4424 1 1 4.423200e+06 2.007129e-01 -1.164867e-01
4424 1 5 4.423200e+06 2.094395e-01 -1.255819e-01
4424 1 5 4.423200e+06 2.181662e-01 -1.551378e-01
4424 1 5 4.423200e+06 2.268928e-01 -1.850238e-01
4424 1 5 4.423200e+06 2.356194e-01 -2.160696e-01
4424 1 5 4.423200e+06 2.443461e-01 -2.473823e-01
4424 1 5 4.423200e+06 2.530727e-01 -2.786878e-01
4424 1 5 4.423200e+06 2.617994e-01 -3.111569e-01
4424 1 5 4.423200e+06 2.705260e-01 -3.436727e-01
4424 1 5 4.423200e+06 2.792527e-01 -3.760968e-01
4424 1 5 4.423200e+06 2.879793e-01 -4.096256e-01
4424 1 5 4.423200e+06 2.967060e-01 -4.430356e-01
4424 1 5 4.423200e+06 3.054326e-01 -4.764989e-01
4424 1 5 4.423200e+06 3.141593e-01 -5.105956e-01
4424 1 5 4.423200e+06 3.228859e-01 -5.447338e-01
4424 1 5 4.423200e+06 3.316126e-01 -5.790118e-01
4424 1 5 4.423200e+06 3.403392e-01 -6.135438e-01
4424 1 5 4.423200e+06 3.490659e-01 -6.482376e-01
4424 1 5 4.423200e+06 3.577925e-01 -6.831092e-01
4424 1 5 4.423200e+06 3.665191e-01 -7.180130e-01
4424 1 5 4.423200e+06 3.752458e-01 -7.531365e-01
4424 1 5 4.423200e+06 3.839724e-01 -7.884349e-01
4424 1 5 4.423200e+06 3.926991e-01 -8.236444e-01
4424 1 5 4.423200e+06 4.014257e-01 -8.590062e-01
4424 1 5 4.423200e+06 4.101524e-01 -8.945972e-01
4424 1 5 4.423200e+06 4.188790e-01 -9.301060e-01
4424 1 5 4.423200e+06 4.276057e-01 -9.655753e-01
4424 1 5 4.423200e+06 4.363323e-01 -1.001448e+00
4424 1 5 4.423200e+06 4.450590e-01 -1.037200e+00
4424 1 5 4.423200e+06 4.537856e-01 -1.072686e+00
4424 1 5 4.423200e+06 4.625123e-01 -1.109060e+00
4424 1 5 4.423200e+06 4.712389e-01 -1.145341e+00
4424 1 5 4.423200e+06 4.799655e-01 -1.180380e+00
4424 1 5 4.423200e+06 4.886922e-01 -1.218885e+00
4424 1 5 4.423200e+06 4.974188e-01 -1.252037e+00
4424 1 5 4.423200e+06 5.061455e-01 -1.256855e+00
4424 1 5 4.423200e+06 5.148721e-01 -1.231113e+00
4424 1 5 4.423200e+06 5.235988e-01 -1.189835e+00
4424 1 5 4.423200e+06 5.323254e-01 -1.120324e+00
4424 1 5 4.423200e+06 5.410521e-01 -1.026613e+00
4424 1 5 4.423200e+06 5.497787e-01 -9.359473e-01
4424 1 5 4.423200e+06 5.585054e-01 -8.529379e-01
4424 1 5 4.423200e+06 5.672320e-01 -7.714445e-01
4424 1 5 4.423200e+06 5.759587e-01 -6.970931e-01
4424 1 5 4.423200e+06 5.846853e-01 -6.326154e-01
4424 1 5 4.423200e+06 5.934119e-01 -5.732706e-01
4424 1 5 4.423200e+06 6.021386e-01 -5.196745e-01
4424 1 5 4.423200e+06 6.108652e-01 -4.729676e-01
4424 1 5 4.423200e+06 6.195919e-01 -4.300337e-01
4424 1 5 4.423200e+06 6.283185e-01 -3.908171e-01
4424 1 5 4.423200e+06 6.370452e-01 -3.560497e-01
4424 1 5 4.423200e+06 6.457718e-01 -3.237427e-01
4424 1 5 4.423200e+06 6.544985e-01 -2.938941e-01
4424 1 5 4.423200e+06 6.632251e-01 -2.667877e-01
4424 1 5 4.423200e+06 6.719518e-01 -2.413083e-01
4424 1 5 4.423200e+06 6.806784e-01 -2.174483e-01
4424 1 5 4.423200e+06 6.894051e-01 -1.952459e-01
4424 1 5 4.423200e+06 6.981317e-01 -1.740911e-01
4424 1 5 4.423200e+06 7.068583e-01 -1.540091e-01
4424 1 5 4.423200e+06 7.155850e-01 -1.349242e-01
4424 1 5 4.423200e+06 7.243116e-01 -1.164684e-01
4424 1 3 4.423200e+06 7.330383e-01 -1.255004e-01
4424 1 3 4.423200e+06 7.417649e-01 -1.550548e-01
4424 1 3 4.423200e+06 7.504916e-01 -1.849404e-01
4424 1 3 4.423200e+06 7.592182e-01 -2.159859e-01
4424 1 3 4.423200e+06 7.679449e-01 -2.472991e-01
4424 1 3 4.423200e+06 7.766715e-01 -2.786049e-01
4424 1 3 4.423200e+06 7.853982e-01 -3.110734e-01
4424 1 3 4.423200e+06 7.941248e-01 -3.435881e-01
4424 1 3 4.423200e+06 8.028515e-01 -3.760104e-01
4424 1 3 4.423200e+06 8.115781e-01 -4.095366e-01
4424 1 3 4.423200e+06 8.203047e-01 -4.429443e-01
4424 1 3 4.423200e+06 8.290314e-01 -4.764051e-01
4424 1 3 4.423200e+06 8.377580e-01 -5.104992e-01
4424 1 3 4.423200e+06 8.464847e-01 -5.446352e-01
4424 1 3 4.423200e+06 8.552113e-01 -5.789117e-01
4424 1 3 4.423200e+06 8.639380e-01 -6.134423e-01
4424 1 3 4.423200e+06 8.726646e-01 -6.481343e-01
4424 1 3 4.423200e+06 8.813913e-01 -6.830043e-01
4424 1 3 4.423200e+06 8.901179e-01 -7.179060e-01
4424 1 3 4.423200e+06 8.988446e-01 -7.530266e-01
4424 1 3 4.423200e+06 9.075712e-01 -7.883228e-01
4424 1 3 4.423200e+06 9.162979e-01 -8.235296e-01
4424 1 3 4.423200e+06 9.250245e-01 -8.588878e-01
4424 1 3 4.423200e+06 9.337511e-01 -8.944755e-01
4424 1 3 4.423200e+06 9.424778e-01 -9.299804e-01
4424 1 3 4.423200e+06 9.512044e-01 -9.654459e-01
4424 1 3 4.423200e+06 9.599311e-01 -1.001316e+00
4424 1 3 4.423200e+06 9.686577e-01 -1.037066e+00
4424 1 3 4.423200e+06 9.773844e-01 -1.072551e+00
4424 1 3 4.423200e+06 9.861110e-01 -1.108927e+00
4424 1 3 4.423200e+06 9.948377e-01 -1.145209e+00
4424 1 3 4.423200e+06 1.003564e+00 -1.180250e+00
4424 1 3 4.423200e+06 1.012291e+00 -1.218755e+00
4424 1 3 4.423200e+06 1.021018e+00 -1.251914e+00
4424 1 3 4.423200e+06 1.029744e+00 -1.256776e+00
4424 1 3 4.423200e+06 1.038471e+00 -1.231114e+00
4424 1 3 4.423200e+06 1.047198e+00 -1.189922e+00
4424 1 3 4.423200e+06 1.055924e+00 -1.120505e+00
4424 1 3 4.423200e+06 1.064651e+00 -1.026890e+00
4424 1 3 4.423200e+06 1.073377e+00 -9.362935e-01
4424 1 3 4.423200e+06 1.082104e+00 -8.533248e-01
4424 1 3 4.423200e+06 1.090831e+00 -7.718601e-01
4424 1 3 4.423200e+06 1.099557e+00 -6.975214e-01
4424 1 3 4.423200e+06 1.108284e+00 -6.330340e-01
4424 1 3 4.423200e+06 1.117011e+00 -5.736754e-01
4424 1 3 4.423200e+06 1.125737e+00 -5.200592e-01
4424 1 3 4.423200e+06 1.134464e+00 -4.733072e-01
4424 1 3 4.423200e+06 1.143191e+00 -4.303225e-01
4424 1 3 4.423200e+06 1.151917e+00 -3.910599e-01
4424 1 3 4.423200e+06 1.160644e+00 -3.562480e-01
4424 1 3 4.423200e+06 1.169371e+00 -3.239010e-01
4424 1 3 4.423200e+06 1.178097e+00 -2.940219e-01
4424 1 3 4.423200e+06 1.186824e+00 -2.668925e-01
4424 1 3 4.423200e+06 1.195551e+00 -2.413940e-01
4424 1 3 4.423200e+06 1.204277e+00 -2.175217e-01
4424 1 3 4.423200e+06 1.213004e+00 -1.953137e-01
4424 1 3 4.423200e+06 1.221730e+00 -1.741555e-01
4424 1 3 4.423200e+06 1.230457e+00 -1.540705e-01
4424 1 3 4.423200e+06 1.239184e+00 -1.349833e-01
4424 1 3 4.423200e+06 1.247910e+00 -1.165255e-01
4424 1 1 4.423200e+06 1.256637e+00 -1.256560e-01
4424 1 1 4.423200e+06 1.265364e+00 -1.552094e-01
4424 1 1 4.423200e+06 1.274090e+00 -1.850935e-01
4424 1 1 4.423200e+06 1.282817e+00 -2.161380e-01
4424 1 1 4.423200e+06 1.291544e+00 -2.474494e-01
4424 1 1 4.423200e+06 1.300270e+00 -2.787538e-01
4424 1 1 4.423200e+06 1.308997e+00 -3.112221e-01
4424 1 1 4.423200e+06 1.317724e+00 -3.437366e-01
4424 1 1 4.423200e+06 1.326450e+00 -3.761597e-01
4424 1 1 4.423200e+06 1.335177e+00 -4.096874e-01
4424 1 1 4.423200e+06 1.343904e+00 -4.430959e-01
4424 1 1 4.423200e+06 1.352630e+00 -4.765579e-01
4424 1 1 4.423200e+06 1.361357e+00 -5.106535e-01
4424 1 1 4.423200e+06 1.370083e+00 -5.447903e-01
4424 1 1 4.423200e+06 1.378810e+00 -5.790676e-01
4424 1 1 4.423200e+06 1.387537e+00 -6.135990e-01
4424 1 1 4.423200e+06 1.396263e+00 -6.482915e-01
4424 1 1 4.423200e+06 1.404990e+00 -6.831616e-01
4424 1 1 4.423200e+06 1.413717e+00 -7.180636e-01
4424 1 1 4.423200e+06 1.422443e+00 -7.531852e-01
4424 1 1 4.423200e+06 1.431170e+00 -7.884821e-01
4424 1 1 4.423200e+06 1.439897e+00 -8.236900e-01
4424 1 1 4.423200e+06 1.448623e+00 -8.590502e-01
4424 1 1 4.423200e+06 1.457350e+00 -8.946401e-01
4424 1 1 4.423200e+06 1.466077e+00 -9.301480e-01
4424 1 1 4.423200e+06 1.474803e+00 -9.656174e-01
4424 1 1 4.423200e+06 1.483530e+00 -1.001492e+00
4424 1 1 4.423200e+06 1.492257e+00 -1.037247e+00
4424 1 1 4.423200e+06 1.500983e+00 -1.072736e+00
4424 1 1 4.423200e+06 1.509710e+00 -1.109113e+00
4424 1 1 4.423200e+06 1.518436e+00 -1.145397e+00
4424 1 1 4.423200e+06 1.527163e+00 -1.180437e+00
4424 1 1 4.423200e+06 1.535890e+00 -1.218944e+00
4424 1 1 4.423200e+06 1.544616e+00 -1.252099e+00
4424 1 1 4.423200e+06 1.553343e+00 -1.256918e+00
4424 1 1 4.423200e+06 1.562070e+00 -1.231171e+00
4424 1 1 8.846400e+06 0.000000e+00 -4.497053e+00
4424 1 1 8.846400e+06 8.726646e-03 -4.274949e+00
4424 1 1 8.846400e+06 1.745329e-02 -3.967149e+00
4424 1 1 8.846400e+06 2.617994e-02 -3.656659e+00
4424 1 1 8.846400e+06 3.490659e-02 -3.360890e+00
4424 1 1 8.846400e+06 4.363323e-02 -3.059643e+00
4424 1 1 8.846400e+06 5.235988e-02 -2.774299e+00
4424 1 1 8.846400e+06 6.108652e-02 -2.521886e+00
4424 1 1 8.846400e+06 6.981317e-02 -2.287620e+00
4424 1 1 8.846400e+06 7.853982e-02 -2.075184e+00
4424 1 1 8.846400e+06 8.726646e-02 -1.889581e+00
4424 1 1 8.846400e+06 9.599311e-02 -1.718702e+00
4424 1 1 8.846400e+06 1.047198e-01 -1.562419e+00
4424 1 1 8.846400e+06 1.134464e-01 -1.423681e+00
4424 1 1 8.846400e+06 1.221730e-01 -1.294632e+00
4424 1 1 8.846400e+06 1.308997e-01 -1.175333e+00
4424 1 1 8.846400e+06 1.396263e-01 -1.066961e+00
4424 1 1 8.846400e+06 1.483530e-01 -9.650813e-01
4424 1 1 8.846400e+06 1.570796e-01 -8.696751e-01
4424 1 1 8.846400e+06 1.658063e-01 -7.808982e-01
4424 1 1 8.846400e+06 1.745329e-01 -6.963077e-01
4424 1 1 8.846400e+06 1.832596e-01 -6.160042e-01
4424 1 1 8.846400e+06 1.919862e-01 -5.396865e-01
4424 1 1 8.846400e+06 2.007129e-01 -4.658839e-01
4424 1 5 8.846400e+06 2.094395e-01 -5.229176e-01
4424 1 5 8.846400e+06 2.181662e-01 -6.462156e-01
4424 1 5 8.846400e+06 2.268928e-01 -7.709860e-01
4424 1 5 8.846400e+06 2.356194e-01 -9.001954e-01
4424 1 5 8.846400e+06 2.443461e-01 -1.030862e+00
4424 1 5 8.846400e+06 2.530727e-01 -1.161226e+00
4424 1 5 8.846400e+06 2.617994e-01 -1.295690e+00
4424 1 5 8.846400e+06 2.705260e-01 -1.430610e+00
4424 1 5 8.846400e+06 2.792527e-01 -1.564583e+00
4424 1 5 8.846400e+06 2.879793e-01 -1.702231e+00
4424 1 5 8.846400e+06 2.967060e-01 -1.839600e+00
4424 1 5 8.846400e+06 3.054326e-01 -1.976402e+00
4424 1 5 8.846400e+06 3.141593e-01 -2.115187e+00
4424 1 5 8.846400e+06 3.228859e-01 -2.254341e+00
4424 1 5 8.846400e+06 3.316126e-01 -2.393139e+00
4424 1 5 8.846400e+06 3.403392e-01 -2.532470e+00
4424 1 5 8.846400e+06 3.490659e-01 -2.672323e+00
4424 1 5 8.846400e+06 3.577925e-01 -2.811622e+00
4424 1 5 8.846400e+06 3.665191e-01 -2.950568e+00
4424 1 5 8.846400e+06 3.752458e-01 -3.089809e+00
4424 1 5 8.846400e+06 3.839724e-01 -3.228094e+00
4424 1 5 8.846400e+06 3.926991e-01 -3.365340e+00
4424 1 5 8.846400e+06 4.014257e-01 -3.501622e+00
4424 1 5 8.846400e+06 4.101524e-01 -3.636277e+00
4424 1 5 8.846400e+06 4.188790e-01 -3.769209e+00
4424 1 5 8.846400e+06 4.276057e-01 -3.898351e+00
4424 1 5 8.846400e+06 4.363323e-01 -4.024607e+00
4424 1 5 8.846400e+06 4.450590e-01 -4.147539e+00
4424 1 5 8.846400e+06 4.537856e-01 -4.263174e+00
4424 1 5 8.846400e+06 4.625123e-01 -4.376597e+00
4424 1 5 8.846400e+06 4.712389e-01 -4.485070e+00
4424 1 5 8.846400e+06 4.799655e-01 -4.577421e+00
4424 1 5 8.846400e+06 4.886922e-01 -4.665465e+00
4424 1 5 8.846400e+06 4.974188e-01 -4.733740e+00
4424 1 5 8.846400e+06 5.061455e-01 -4.724236e+00
4424 1 5 8.846400e+06 5.148721e-01 -4.631989e+00
4424 1 5 8.846400e+06 5.235988e-01 -4.496340e+00
4424 1 5 8.846400e+06 5.323254e-01 -4.273841e+00
4424 1 5 8.846400e+06 5.410521e-01 -3.966044e+00
4424 1 5 8.846400e+06 5.497787e-01 -3.655834e+00
4424 1 5 8.846400e+06 5.585054e-01 -3.360385e+00
4424 1 5 8.846400e+06 5.672320e-01 -3.059359e+00
4424 1 5 8.846400e+06 5.759587e-01 -2.774099e+00
4424 1 5 8.846400e+06 5.846853e-01 -2.521725e+00
4424 1 5 8.846400e+06 5.934119e-01 -2.287502e+00
4424 1 5 8.846400e+06 6.021386e-01 -2.075103e+00
4424 1 5 8.846400e+06 6.108652e-01 -1.889526e+00
4424 1 5 8.846400e+06 6.195919e-01 -1.718668e+00
4424 1 5 8.846400e+06 6.283185e-01 -1.562396e+00
4424 1 5 8.846400e+06 6.370452e-01 -1.423659e+00
4424 1 5 8.846400e+06 6.457718e-01 -1.294607e+00
4424 1 5 8.846400e+06 6.544985e-01 -1.175306e+00
4424 1 5 8.846400e+06 6.632251e-01 -1.066935e+00
4424 1 5 8.846400e+06 6.719518e-01 -9.650566e-01
4424 1 5 8.846400e+06 6.806784e-01 -8.696461e-01
4424 1 5 8.846400e+06 6.894051e-01 -7.808596e-01
4424 1 5 8.846400e+06 6.981317e-01 -6.962594e-01
4424 1 5 8.846400e+06 7.068583e-01 -6.159474e-01
4424 1 5 8.846400e+06 7.155850e-01 -5.396218e-01
4424 1 5 8.846400e+06 7.243116e-01 -4.658106e-01
4424 1 3 8.846400e+06 7.330383e-01 -5.226334e-01
4424 1 3 8.846400e+06 7.417649e-01 -6.459306e-01
4424 1 3 8.846400e+06 7.504916e-01 -7.707056e-01
4424 1 3 8.846400e+06 7.592182e-01 -8.999204e-01
4424 1 3 8.846400e+06 7.679449e-01 -1.030595e+00
4424 1 3 8.846400e+06 7.766715e-01 -1.160967e+00
4424 1 3 8.846400e+06 7.853982e-01 -1.295436e+00
4424 1 3 8.846400e+06 7.941248e-01 -1.430359e+00
4424 1 3 8.846400e+06 8.028515e-01 -1.564332e+00
4424 1 3 8.846400e+06 8.115781e-01 -1.701977e+00
4424 1 3 8.846400e+06 8.203047e-01 -1.839345e+00
4424 1 3 8.846400e+06 8.290314e-01 -1.976144e+00
4424 1 3 8.846400e+06 8.377580e-01 -2.114926e+00
4424 1 3 8.846400e+06 8.464847e-01 -2.254079e+00
4424 1 3 8.846400e+06 8.552113e-01 -2.392879e+00
4424 1 3 8.846400e+06 8.639380e-01 -2.532213e+00
4424 1 3 8.846400e+06 8.726646e-01 -2.672068e+00
4424 1 3 8.846400e+06 8.813913e-01 -2.811368e+00
4424 1 3 8.846400e+06 8.901179e-01 -2.950315e+00
4424 1 3 8.846400e+06 8.988446e-01 -3.089552e+00
4424 1 3 8.846400e+06 9.075712e-01 -3.227834e+00
4424 1 3 8.846400e+06 9.162979e-01 -3.365074e+00
4424 1 3 8.846400e+06 9.250245e-01 -3.501342e+00
4424 1 3 8.846400e+06 9.337511e-01 -3.635976e+00
4424 1 3 8.846400e+06 9.424778e-01 -3.768881e+00
4424 1 3 8.846400e+06 9.512044e-01 -3.897991e+00
4424 1 3 8.846400e+06 9.599311e-01 -4.024209e+00
4424 1 3 8.846400e+06 9.686577e-01 -4.147102e+00
4424 1 3 8.846400e+06 9.773844e-01 -4.262698e+00
4424 1 3 8.846400e+06 9.861110e-01 -4.376061e+00
4424 1 3 8.846400e+06 9.948377e-01 -4.484462e+00
4424 1 3 8.846400e+06 1.003564e+00 -4.576760e+00
4424 1 3 8.846400e+06 1.012291e+00 -4.664750e+00
4424 1 3 8.846400e+06 1.021018e+00 -4.732998e+00
4424 1 3 8.846400e+06 1.029744e+00 -4.723587e+00
4424 1 3 8.846400e+06 1.038471e+00 -4.631541e+00
4424 1 3 8.846400e+06 1.047198e+00 -4.496144e+00
4424 1 3 8.846400e+06 1.055924e+00 -4.274011e+00
4424 1 3 8.846400e+06 1.064651e+00 -3.966644e+00
4424 1 3 8.846400e+06 1.073377e+00 -3.656790e+00
4424 1 3 8.846400e+06 1.082104e+00 -3.361614e+00
4424 1 3 8.846400e+06 1.090831e+00 -3.060836e+00
4424 1 3 8.846400e+06 1.099557e+00 -2.775727e+00
4424 1 3 8.846400e+06 1.108284e+00 -2.523354e+00
4424 1 3 8.846400e+06 1.117011e+00 -2.289093e+00
4424 1 3 8.846400e+06 1.125737e+00 -2.076623e+00
4424 1 3 8.846400e+06 1.134464e+00 -1.890872e+00
4424 1 3 8.846400e+06 1.143191e+00 -1.719815e+00
4424 1 3 8.846400e+06 1.151917e+00 -1.563362e+00
4424 1 3 8.846400e+06 1.160644e+00 -1.424449e+00
4424 1 3 8.846400e+06 1.169371e+00 -1.295238e+00
4424 1 3 8.846400e+06 1.178097e+00 -1.175816e+00
4424 1 3 8.846400e+06 1.186824e+00 -1.067354e+00
4424 1 3 8.846400e+06 1.195551e+00 -9.653994e-01
4424 1 3 8.846400e+06 1.204277e+00 -8.699397e-01
4424 1 3 8.846400e+06 1.213004e+00 -7.811306e-01
4424 1 3 8.846400e+06 1.221730e+00 -6.965167e-01
4424 1 3 8.846400e+06 1.230457e+00 -6.161930e-01
4424 1 3 8.846400e+06 1.239184e+00 -5.398580e-01
4424 1 3 8.846400e+06 1.247910e+00 -4.660392e-01
4424 1 1 8.846400e+06 1.256637e+00 -5.232184e-01
4424 1 1 8.846400e+06 1.265364e+00 -6.465191e-01
4424 1 1 8.846400e+06 1.274090e+00 -7.712884e-01
4424 1 1 8.846400e+06 1.282817e+00 -9.004750e-01
4424 1 1 8.846400e+06 1.291544e+00 -1.031097e+00
4424 1 1 8.846400e+06 1.300270e+00 -1.161409e+00
4424 1 1 8.846400e+06 1.308997e+00 -1.295832e+00
4424 1 1 8.846400e+06 1.317724e+00 -1.430725e+00
4424 1 1 8.846400e+06 1.326450e+00 -1.564695e+00
4424 1 1 8.846400e+06 1.335177e+00 -1.702364e+00
4424 1 1 8.846400e+06 1.343904e+00 -1.839752e+00
4424 1 1 8.846400e+06 1.352630e+00 -1.976562e+00
4424 1 1 8.846400e+06 1.361357e+00 -2.115344e+00
4424 1 1 8.846400e+06 1.370083e+00 -2.254486e+00
4424 1 1 8.846400e+06 1.378810e+00 -2.393281e+00
4424 1 1 8.846400e+06 1.387537e+00 -2.532625e+00
4424 1 1 8.846400e+06 1.396263e+00 -2.672497e+00
4424 1 1 8.846400e+06 1.404990e+00 -2.811810e+00
4424 1 1 8.846400e+06 1.413717e+00 -2.950772e+00
4424 1 1 8.846400e+06 1.422443e+00 -3.090029e+00
4424 1 1 8.846400e+06 1.431170e+00 -3.228279e+00
4424 1 1 8.846400e+06 1.439897e+00 -3.365447e+00
4424 1 1 8.846400e+06 1.448623e+00 -3.501626e+00
4424 1 1 8.846400e+06 1.457350e+00 -3.636135e+00
4424 1 1 8.846400e+06 1.466077e+00 -3.768893e+00
4424 1 1 8.846400e+06 1.474803e+00 -3.897872e+00
4424 1 1 8.846400e+06 1.483530e+00 -4.024108e+00
4424 1 1 8.846400e+06 1.492257e+00 -4.147096e+00
4424 1 1 8.846400e+06 1.500983e+00 -4.262921e+00
4424 1 1 8.846400e+06 1.509710e+00 -4.376727e+00
4424 1 1 8.846400e+06 1.518436e+00 -4.485550e+00
4424 1 1 8.846400e+06 1.527163e+00 -4.578022e+00
4424 1 1 8.846400e+06 1.535890e+00 -4.665846e+00
4424 1 1 8.846400e+06 1.544616e+00 -4.733813e+00
4424 1 1 8.846400e+06 1.553343e+00 -4.724299e+00
4424 1 1 8.846400e+06 1.562070e+00 -4.632352e+00
4424 1 1 1.769280e+07 0.000000e+00 -1.316763e+01
4424 1 1 1.769280e+07 8.726646e-03 -1.278198e+01
4424 1 1 1.769280e+07 1.745329e-02 -1.223927e+01
4424 1 1 1.769280e+07 2.617994e-02 -1.164907e+01
4424 1 1 1.769280e+07 3.490659e-02 -1.103113e+01
4424 1 1 1.769280e+07 4.363323e-02 -1.035191e+01
4424 1 1 1.769280e+07 5.235988e-02 -9.659540e+00
4424 1 1 1.769280e+07 6.108652e-02 -8.993173e+00
4424 1 1 1.769280e+07 6.981317e-02 -8.331099e+00
4424 1 1 1.769280e+07 7.853982e-02 -7.690337e+00
4424 1 1 1.769280e+07 8.726646e-02 -7.093186e+00
4424 1 1 1.769280e+07 9.599311e-02 -6.518954e+00
4424 1 1 1.769280e+07 1.047198e-01 -5.976791e+00
4424 1 1 1.769280e+07 1.134464e-01 -5.481708e+00
4424 1 1 1.769280e+07 1.221730e-01 -5.012461e+00
4424 1 1 1.769280e+07 1.308997e-01 -4.571820e+00
4424 1 1 1.769280e+07 1.396263e-01 -4.164839e+00
4424 1 1 1.769280e+07 1.483530e-01 -3.778421e+00
4424 1 1 1.769280e+07 1.570796e-01 -3.413634e+00
4424 1 1 1.769280e+07 1.658063e-01 -3.071262e+00
4424 1 1 1.769280e+07 1.745329e-01 -2.743408e+00
4424 1 1 1.769280e+07 1.832596e-01 -2.430786e+00
4424 1 1 1.769280e+07 1.919862e-01 -2.132241e+00
4424 1 1 1.769280e+07 2.007129e-01 -1.842691e+00
4424 1 5 1.769280e+07 2.094395e-01 -3.034478e+00
4424 1 5 1.769280e+07 2.181662e-01 -3.509423e+00
4424 1 5 1.769280e+07 2.268928e-01 -3.982616e+00
4424 1 5 1.769280e+07 2.356194e-01 -4.455656e+00
4424 1 5 1.769280e+07 2.443461e-01 -4.925104e+00
4424 1 5 1.769280e+07 2.530727e-01 -5.383106e+00
4424 1 5 1.769280e+07 2.617994e-01 -5.836060e+00
4424 1 5 1.769280e+07 2.705260e-01 -6.280914e+00
4424 1 5 1.769280e+07 2.792527e-01 -6.709476e+00
4424 1 5 1.769280e+07 2.879793e-01 -7.129643e+00
4424 1 5 1.769280e+07 2.967060e-01 -7.539252e+00
4424 1 5 1.769280e+07 3.054326e-01 -7.934009e+00
4424 1 5 1.769280e+07 3.141593e-01 -8.321446e+00
4424 1 5 1.769280e+07 3.228859e-01 -8.700640e+00
4424 1 5 1.769280e+07 3.316126e-01 -9.064857e+00
4424 1 5 1.769280e+07 3.403392e-01 -9.418604e+00
4424 1 5 1.769280e+07 3.490659e-01 -9.761243e+00
4424 1 5 1.769280e+07 3.577925e-01 -1.008666e+01
4424 1 5 1.769280e+07 3.665191e-01 -1.040044e+01
4424 1 5 1.769280e+07 3.752458e-01 -1.070232e+01
4424 1 5 1.769280e+07 3.839724e-01 -1.098934e+01
4424 1 5 1.769280e+07 3.926991e-01 -1.126748e+01
4424 1 5 1.769280e+07 4.014257e-01 -1.153378e+01
4424 1 5 1.769280e+07 4.101524e-01 -1.178808e+01
4424 1 5 1.769280e+07 4.188790e-01 -1.203496e+01
4424 1 5 1.769280e+07 4.276057e-01 -1.226529e+01
4424 1 5 1.769280e+07 4.363323e-01 -1.248340e+01
4424 1 5 1.769280e+07 4.450590e-01 -1.269211e+01
4424 1 5 1.769280e+07 4.537856e-01 -1.288026e+01
4424 1 5 1.769280e+07 4.625123e-01 -1.306219e+01
4424 1 5 1.769280e+07 4.712389e-01 -1.323495e+01
4424 1 5 1.769280e+07 4.799655e-01 -1.337519e+01
4424 1 5 1.769280e+07 4.886922e-01 -1.350306e+01
4424 1 5 1.769280e+07 4.974188e-01 -1.359800e+01
4424 1 5 1.769280e+07 5.061455e-01 -1.357262e+01
4424 1 5 1.769280e+07 5.148721e-01 -1.341211e+01
4424 1 5 1.769280e+07 5.235988e-01 -1.317012e+01
4424 1 5 1.769280e+07 5.323254e-01 -1.278444e+01
4424 1 5 1.769280e+07 5.410521e-01 -1.224103e+01
4424 1 5 1.769280e+07 5.497787e-01 -1.164980e+01
4424 1 5 1.769280e+07 5.585054e-01 -1.103112e+01
4424 1 5 1.769280e+07 5.672320e-01 -1.035170e+01
4424 1 5 1.769280e+07 5.759587e-01 -9.659436e+00
4424 1 5 1.769280e+07 5.846853e-01 -8.992796e+00
4424 1 5 1.769280e+07 5.934119e-01 -8.330572e+00
4424 1 5 1.769280e+07 6.021386e-01 -7.689814e+00
4424 1 5 1.769280e+07 6.108652e-01 -7.092814e+00
4424 1 5 1.769280e+07 6.195919e-01 -6.518655e+00
4424 1 5 1.769280e+07 6.283185e-01 -5.976391e+00
4424 1 5 1.769280e+07 6.370452e-01 -5.481143e+00
4424 1 5 1.769280e+07 6.457718e-01 -5.011719e+00
4424 1 5 1.769280e+07 6.544985e-01 -4.570988e+00
4424 1 5 1.769280e+07 6.632251e-01 -4.164004e+00
4424 1 5 1.769280e+07 6.719518e-01 -3.777650e+00
4424 1 5 1.769280e+07 6.806784e-01 -3.412933e+00
4424 1 5 1.769280e+07 6.894051e-01 -3.070610e+00
4424 1 5 1.769280e+07 6.981317e-01 -2.742798e+00
4424 1 5 1.769280e+07 7.068583e-01 -2.430211e+00
4424 1 5 1.769280e+07 7.155850e-01 -2.131690e+00
4424 1 5 1.769280e+07 7.243116e-01 -1.842153e+00
4424 1 3 1.769280e+07 7.330383e-01 -3.033271e+00
4424 1 3 1.769280e+07 7.417649e-01 -3.508197e+00
4424 1 3 1.769280e+07 7.504916e-01 -3.981435e+00
4424 1 3 1.769280e+07 7.592182e-01 -4.454570e+00
4424 1 3 1.769280e+07 7.679449e-01 -4.924123e+00
4424 1 3 1.769280e+07 7.766715e-01 -5.382238e+00
4424 1 3 1.769280e+07 7.853982e-01 -5.835305e+00
4424 1 3 1.769280e+07 7.941248e-01 -6.280229e+00
4424 1 3 1.769280e+07 8.028515e-01 -6.708811e+00
4424 1 3 1.769280e+07 8.115781e-01 -7.128992e+00
4424 1 3 1.769280e+07 8.203047e-01 -7.538615e+00
4424 1 3 1.769280e+07 8.290314e-01 -7.933405e+00
4424 1 3 1.769280e+07 8.377580e-01 -8.320892e+00
4424 1 3 1.769280e+07 8.464847e-01 -8.700143e+00
4424 1 3 1.769280e+07 8.552113e-01 -9.064416e+00
4424 1 3 1.769280e+07 8.639380e-01 -9.418205e+00
4424 1 3 1.769280e+07 8.726646e-01 -9.760863e+00
4424 1 3 1.769280e+07 8.813913e-01 -1.008628e+01
4424 1 3 1.769280e+07 8.901179e-01 -1.040004e+01
4424 1 3 1.769280e+07 8.988446e-01 -1.070186e+01
4424 1 3 1.769280e+07 9.075712e-01 -1.098880e+01
4424 1 3 1.769280e+07 9.162979e-01 -1.126688e+01
4424 1 3 1.769280e+07 9.250245e-01 -1.153311e+01
4424 1 3 1.769280e+07 9.337511e-01 -1.178738e+01
4424 1 3 1.769280e+07 9.424778e-01 -1.203428e+01
4424 1 3 1.769280e+07 9.512044e-01 -1.226465e+01
4424 1 3 1.769280e+07 9.599311e-01 -1.248278e+01
4424 1 3 1.769280e+07 9.686577e-01 -1.269146e+01
4424 1 3 1.769280e+07 9.773844e-01 -1.287954e+01
4424 1 3 1.769280e+07 9.861110e-01 -1.306136e+01
4424 1 3 1.769280e+07 9.948377e-01 -1.323397e+01
4424 1 3 1.769280e+07 1.003564e+00 -1.337397e+01
4424 1 3 1.769280e+07 1.012291e+00 -1.350146e+01
4424 1 3 1.769280e+07 1.021018e+00 -1.359596e+01
4424 1 3 1.769280e+07 1.029744e+00 -1.357028e+01
4424 1 3 1.769280e+07 1.038471e+00 -1.340970e+01
4424 1 3 1.769280e+07 1.047198e+00 -1.316790e+01
4424 1 3 1.769280e+07 1.055924e+00 -1.278286e+01
4424 1 3 1.769280e+07 1.064651e+00 -1.224047e+01
4424 1 3 1.769280e+07 1.073377e+00 -1.165032e+01
4424 1 3 1.769280e+07 1.082104e+00 -1.103272e+01
4424 1 3 1.769280e+07 1.090831e+00 -1.035435e+01
4424 1 3 1.769280e+07 1.099557e+00 -9.662823e+00
4424 1 3 1.769280e+07 1.108284e+00 -8.996572e+00
4424 1 3 1.769280e+07 1.117011e+00 -8.334671e+00
4424 1 3 1.769280e+07 1.125737e+00 -7.694164e+00
4424 1 3 1.769280e+07 1.134464e+00 -7.096950e+00
4424 1 3 1.769280e+07 1.143191e+00 -6.522349e+00
4424 1 3 1.769280e+07 1.151917e+00 -5.979603e+00
4424 1 3 1.769280e+07 1.160644e+00 -5.483818e+00
4424 1 3 1.769280e+07 1.169371e+00 -5.013882e+00
4424 1 3 1.769280e+07 1.178097e+00 -4.572751e+00
4424 1 3 1.769280e+07 1.186824e+00 -4.165458e+00
4424 1 3 1.769280e+07 1.195551e+00 -3.778840e+00
4424 1 3 1.769280e+07 1.204277e+00 -3.413955e+00
4424 1 3 1.769280e+07 1.213004e+00 -3.071562e+00
4424 1 3 1.769280e+07 1.221730e+00 -2.743712e+00
4424 1 3 1.769280e+07 1.230457e+00 -2.431092e+00
4424 1 3 1.769280e+07 1.239184e+00 -2.132545e+00
4424 1 3 1.769280e+07 1.247910e+00 -1.842987e+00
4424 1 1 1.769280e+07 1.256637e+00 -3.036238e+00
4424 1 1 1.769280e+07 1.265364e+00 -3.511384e+00
4424 1 1 1.769280e+07 1.274090e+00 -3.984504e+00
4424 1 1 1.769280e+07 1.282817e+00 -4.456671e+00
4424 1 1 1.769280e+07 1.291544e+00 -4.924663e+00
4424 1 1 1.769280e+07 1.300270e+00 -5.381098e+00
4424 1 1 1.769280e+07 1.308997e+00 -5.832915e+00
4424 1 1 1.769280e+07 1.317724e+00 -6.277134e+00
4424 1 1 1.769280e+07 1.326450e+00 -6.705732e+00
4424 1 1 1.769280e+07 1.335177e+00 -7.126746e+00
4424 1 1 1.769280e+07 1.343904e+00 -7.537371e+00
4424 1 1 1.769280e+07 1.352630e+00 -7.932867e+00
4424 1 1 1.769280e+07 1.361357e+00 -8.320788e+00
4424 1 1 1.769280e+07 1.370083e+00 -8.700306e+00
4424 1 1 1.769280e+07 1.378810e+00 -9.064810e+00
4424 1 1 1.769280e+07 1.387537e+00 -9.418951e+00
4424 1 1 1.769280e+07 1.396263e+00 -9.762050e+00
4424 1 1 1.769280e+07 1.404990e+00 -1.008783e+01
4424 1 1 1.769280e+07 1.413717e+00 -1.040193e+01
4424 1 1 1.769280e+07 1.422443e+00 -1.070413e+01
4424 1 1 1.769280e+07 1.431170e+00 -1.099139e+01
4424 1 1 1.769280e+07 1.439897e+00 -1.126974e+01
4424 1 1 1.769280e+07 1.448623e+00 -1.153625e+01
4424 1 1 1.769280e+07 1.457350e+00 -1.179063e+01
4424 1 1 1.769280e+07 1.466077e+00 -1.203753e+01
4424 1 1 1.769280e+07 1.474803e+00 -1.226801e+01
4424 1 1 1.769280e+07 1.483530e+00 -1.248637e+01
4424 1 1 1.769280e+07 1.492257e+00 -1.269511e+01
4424 1 1 1.769280e+07 1.500983e+00 -1.288298e+01
4424 1 1 1.769280e+07 1.509710e+00 -1.306436e+01
4424 1 1 1.769280e+07 1.518436e+00 -1.323623e+01
4424 1 1 1.769280e+07 1.527163e+00 -1.337544e+01
4424 1 1 1.769280e+07 1.535890e+00 -1.350232e+01
4424 1 1 1.769280e+07 1.544616e+00 -1.359643e+01
4424 1 1 1.769280e+07 1.553343e+00 -1.357067e+01
4424 1 1 1.769280e+07 1.562070e+00 -1.341023e+01
4424 0 1 8.846400e+05 0.000000e+00 -4.761099e-02
4424 0 1 8.846400e+05 8.726646e-03 -4.482505e-02
4424 0 1 8.846400e+05 1.745329e-02 -4.107254e-02
4424 0 1 8.846400e+05 2.617994e-02 -3.744339e-02
4424 0 1 8.846400e+05 3.490659e-02 -3.412140e-02
4424 0 1 8.846400e+05 4.363323e-02 -3.086050e-02
4424 0 1 8.846400e+05 5.235988e-02 -2.788563e-02
4424 0 1 8.846400e+05 6.108652e-02 -2.530601e-02
4424 0 1 8.846400e+05 6.981317e-02 -2.293186e-02
4424 0 1 8.846400e+05 7.853982e-02 -2.078777e-02
4424 0 1 8.846400e+05 8.726646e-02 -1.891934e-02
4424 0 1 8.846400e+05 9.599311e-02 -1.720186e-02
4424 0 1 8.846400e+05 1.047198e-01 -1.563313e-02
4424 0 1 8.846400e+05 1.134464e-01 -1.424243e-02
4424 0 1 8.846400e+05 1.221730e-01 -1.295016e-02
4424 0 1 8.846400e+05 1.308997e-01 -1.175620e-02
4424 0 1 8.846400e+05 1.396263e-01 -1.067190e-02
4424 0 1 8.846400e+05 1.483530e-01 -9.652686e-03
4424 0 1 8.846400e+05 1.570796e-01 -8.698307e-03
4424 0 1 8.846400e+05 1.658063e-01 -7.810293e-03
4424 0 1 8.846400e+05 1.745329e-01 -6.964183e-03
4424 0 1 8.846400e+05 1.832596e-01 -6.160976e-03
4424 0 1 8.846400e+05 1.919862e-01 -5.397651e-03
4424 0 1 8.846400e+05 2.007129e-01 -4.659495e-03
4424 0 5 8.846400e+05 2.094395e-01 -5.022378e-03
4424 0 5 8.846400e+05 2.181662e-01 -6.205026e-03
4424 0 5 8.846400e+05 2.268928e-01 -7.400873e-03
4424 0 5 8.846400e+05 2.356194e-01 -8.643132e-03
4424 0 5 8.846400e+05 2.443461e-01 -9.896059e-03
4424 0 5 8.846400e+05 2.530727e-01 -1.114868e-02
4424 0 5 8.846400e+05 2.617994e-01 -1.244787e-02
4424 0 5 8.846400e+05 2.705260e-01 -1.374890e-02
4424 0 5 8.846400e+05 2.792527e-01 -1.504625e-02
4424 0 5 8.846400e+05 2.879793e-01 -1.638780e-02
4424 0 5 8.846400e+05 2.967060e-01 -1.772458e-02
4424 0 5 8.846400e+05 3.054326e-01 -1.906347e-02
4424 0 5 8.846400e+05 3.141593e-01 -2.042769e-02
4424 0 5 8.846400e+05 3.228859e-01 -2.179355e-02
4424 0 5 8.846400e+05 3.316126e-01 -2.316499e-02
4424 0 5 8.846400e+05 3.403392e-01 -2.454656e-02
4424 0 5 8.846400e+05 3.490659e-01 -2.593458e-02
4424 0 5 8.846400e+05 3.577925e-01 -2.732971e-02
4424 0 5 8.846400e+05 3.665191e-01 -2.872608e-02
4424 0 5 8.846400e+05 3.752458e-01 -3.013121e-02
4424 0 5 8.846400e+05 3.839724e-01 -3.154331e-02
4424 0 5 8.846400e+05 3.926991e-01 -3.295178e-02
4424 0 5 8.846400e+05 4.014257e-01 -3.436630e-02
4424 0 5 8.846400e+05 4.101524e-01 -3.578991e-02
4424 0 5 8.846400e+05 4.188790e-01 -3.721013e-02
4424 0 5 8.846400e+05 4.276057e-01 -3.862874e-02
4424 0 5 8.846400e+05 4.363323e-01 -4.006342e-02
4424 0 5 8.846400e+05 4.450590e-01 -4.149322e-02
4424 0 5 8.846400e+05 4.537856e-01 -4.291271e-02
4424 0 5 8.846400e+05 4.625123e-01 -4.436766e-02
4424 0 5 8.846400e+05 4.712389e-01 -4.581950e-02
4424 0 5 8.846400e+05 4.799655e-01 -4.722487e-02
4424 0 5 8.846400e+05 4.886922e-01 -4.877327e-02
4424 0 5 8.846400e+05 4.974188e-01 -5.010788e-02
4424 0 5 8.846400e+05 5.061455e-01 -5.030246e-02
4424 0 5 8.846400e+05 5.148721e-01 -4.926653e-02
4424 0 5 8.846400e+05 5.235988e-01 -4.760905e-02
4424 0 5 8.846400e+05 5.323254e-01 -4.482349e-02
4424 0 5 8.846400e+05 5.410521e-01 -4.107139e-02
4424 0 5 8.846400e+05 5.497787e-01 -3.744261e-02
4424 0 5 8.846400e+05 5.585054e-01 -3.412090e-02
4424 0 5 8.846400e+05 5.672320e-01 -3.086022e-02
4424 0 5 8.846400e+05 5.759587e-01 -2.788550e-02
4424 0 5 8.846400e+05 5.846853e-01 -2.530596e-02
4424 0 5 8.846400e+05 5.934119e-01 -2.293184e-02
4424 0 5 8.846400e+05 6.021386e-01 -2.078775e-02
4424 0 5 8.846400e+05 6.108652e-01 -1.891930e-02
4424 0 5 8.846400e+05 6.195919e-01 -1.720181e-02
4424 0 5 8.846400e+05 6.283185e-01 -1.563305e-02
4424 0 5 8.846400e+05 6.370452e-01 -1.424228e-02
4424 0 5 8.846400e+05 6.457718e-01 -1.294994e-02
4424 0 5 8.846400e+05 6.544985e-01 -1.175594e-02
4424 0 5 8.846400e+05 6.632251e-01 -1.067165e-02
4424 0 5 8.846400e+05 6.719518e-01 -9.652446e-03
4424 0 5 8.846400e+05 6.806784e-01 -8.698021e-03
4424 0 5 8.846400e+05 6.894051e-01 -7.809910e-03
4424 0 5 8.846400e+05 6.981317e-01 -6.963703e-03
4424 0 5 8.846400e+05 7.068583e-01 -6.160409e-03
4424 0 5 8.846400e+05 7.155850e-01 -5.397006e-03
4424 0 5 8.846400e+05 7.243116e-01 -4.658763e-03
4424 0 3 8.846400e+05 7.330383e-01 -5.019115e-03
4424 0 3 8.846400e+05 7.417649e-01 -6.201703e-03
4424 0 3 8.846400e+05 7.504916e-01 -7.397536e-03
4424 0 3 8.846400e+05 7.592182e-01 -8.639783e-03
4424 0 3 8.846400e+05 7.679449e-01 -9.892727e-03
4424 0 3 8.846400e+05 7.766715e-01 -1.114536e-02
4424 0 3 8.846400e+05 7.853982e-01 -1.244453e-02
4424 0 3 8.846400e+05 7.941248e-01 -1.374551e-02
4424 0 3 8.846400e+05 8.028515e-01 -1.504279e-02
4424 0 3 8.846400e+05 8.115781e-01 -1.638424e-02
4424 0 3 8.846400e+05 8.203047e-01 -1.772092e-02
4424 0 3 8.846400e+05 8.290314e-01 -1.905972e-02
4424 0 3 8.846400e+05 8.377580e-01 -2.042383e-02
4424 0 3 8.846400e+05 8.464847e-01 -2.178960e-02
4424 0 3 8.846400e+05 8.552113e-01 -2.316098e-02
4424 0 3 8.846400e+05 8.639380e-01 -2.454250e-02
4424 0 3 8.846400e+05 8.726646e-01 -2.593044e-02
4424 0 3 8.846400e+05 8.813913e-01 -2.732550e-02
4424 0 3 8.846400e+05 8.901179e-01 -2.872179e-02
4424 0 3 8.846400e+05 8.988446e-01 -3.012680e-02
4424 0 3 8.846400e+05 9.075712e-01 -3.153881e-02
4424 0 3 8.846400e+05 9.162979e-01 -3.294717e-02
4424 0 3 8.846400e+05 9.250245e-01 -3.436154e-02
4424 0 3 8.846400e+05 9.337511e-01 -3.578502e-02
4424 0 3 8.846400e+05 9.424778e-01 -3.720507e-02
4424 0 3 8.846400e+05 9.512044e-01 -3.862353e-02
4424 0 3 8.846400e+05 9.599311e-01 -4.005811e-02
4424 0 3 8.846400e+05 9.686577e-01 -4.148779e-02
4424 0 3 8.846400e+05 9.773844e-01 -4.290727e-02
4424 0 3 8.846400e+05 9.861110e-01 -4.436226e-02
4424 0 3 8.846400e+05 9.948377e-01 -4.581414e-02
4424 0 3 8.846400e+05 1.003564e+00 -4.721968e-02
4424 0 3 8.846400e+05 1.012291e+00 -4.876813e-02
4424 0 3 8.846400e+05 1.021018e+00 -5.010304e-02
4424 0 3 8.846400e+05 1.029744e+00 -5.029945e-02
4424 0 3 8.846400e+05 1.038471e+00 -4.926674e-02
4424 0 3 8.846400e+05 1.047198e+00 -4.761262e-02
4424 0 3 8.846400e+05 1.055924e+00 -4.483078e-02
4424 0 3 8.846400e+05 1.064651e+00 -4.108250e-02
4424 0 3 8.846400e+05 1.073377e+00 -3.745647e-02
4424 0 3 8.846400e+05 1.082104e+00 -3.413639e-02
4424 0 3 8.846400e+05 1.090831e+00 -3.087685e-02
4424 0 3 8.846400e+05 1.099557e+00 -2.790264e-02
4424 0 3 8.846400e+05 1.108284e+00 -2.532270e-02
4424 0 3 8.846400e+05 1.117011e+00 -2.294803e-02
4424 0 3 8.846400e+05 1.125737e+00 -2.080314e-02
4424 0 3 8.846400e+05 1.134464e+00 -1.893289e-02
4424 0 3 8.846400e+05 1.143191e+00 -1.721337e-02
4424 0 3 8.846400e+05 1.151917e+00 -1.564276e-02
4424 0 3 8.846400e+05 1.160644e+00 -1.425021e-02
4424 0 3 8.846400e+05 1.169371e+00 -1.295627e-02
4424 0 3 8.846400e+05 1.178097e+00 -1.176105e-02
4424 0 3 8.846400e+05 1.186824e+00 -1.067584e-02
4424 0 3 8.846400e+05 1.195551e+00 -9.655876e-03
4424 0 3 8.846400e+05 1.204277e+00 -8.700959e-03
4424 0 3 8.846400e+05 1.213004e+00 -7.812621e-03
4424 0 3 8.846400e+05 1.221730e+00 -6.966277e-03
4424 0 3 8.846400e+05 1.230457e+00 -6.162866e-03
4424 0 3 8.846400e+05 1.239184e+00 -5.399368e-03
4424 0 3 8.846400e+05 1.247910e+00 -4.661049e-03
4424 0 1 8.846400e+05 1.256637e+00 -5.025345e-03
4424 0 1 8.846400e+05 1.265364e+00 -6.207892e-03
4424 0 1 8.846400e+05 1.274090e+00 -7.403666e-03
4424 0 1 8.846400e+05 1.282817e+00 -8.645873e-03
4424 0 1 8.846400e+05 1.291544e+00 -9.898746e-03
4424 0 1 8.846400e+05 1.300270e+00 -1.115133e-02
4424 0 1 8.846400e+05 1.308997e+00 -1.245048e-02
4424 0 1 8.846400e+05 1.317724e+00 -1.375146e-02
4424 0 1 8.846400e+05 1.326450e+00 -1.504877e-02
4424 0 1 8.846400e+05 1.335177e+00 -1.639028e-02
4424 0 1 8.846400e+05 1.343904e+00 -1.772699e-02
4424 0 1 8.846400e+05 1.352630e+00 -1.906584e-02
4424 0 1 8.846400e+05 1.361357e+00 -2.043001e-02
4424 0 1 8.846400e+05 1.370083e+00 -2.179581e-02
4424 0 1 8.846400e+05 1.378810e+00 -2.316722e-02
4424 0 1 8.846400e+05 1.387537e+00 -2.454877e-02
4424 0 1 8.846400e+05 1.396263e+00 -2.593675e-02
4424 0 1 8.846400e+05 1.404990e+00 -2.733181e-02
4424 0 1 8.846400e+05 1.413717e+00 -2.872810e-02
4424 0 1 8.846400e+05 1.422443e+00 -3.013316e-02
4424 0 1 8.846400e+05 1.431170e+00 -3.154520e-02
4424 0 1 8.846400e+05 1.439897e+00 -3.295361e-02
4424 0 1 8.846400e+05 1.448623e+00 -3.436806e-02
4424 0 1 8.846400e+05 1.457350e+00 -3.579164e-02
4424 0 1 8.846400e+05 1.466077e+00 -3.721182e-02
4424 0 1 8.846400e+05 1.474803e+00 -3.863044e-02
4424 0 1 8.846400e+05 1.483530e+00 -4.006521e-02
4424 0 1 8.846400e+05 1.492257e+00 -4.149510e-02
4424 0 1 8.846400e+05 1.500983e+00 -4.291469e-02
4424 0 1 8.846400e+05 1.509710e+00 -4.436979e-02
4424 0 1 8.846400e+05 1.518436e+00 -4.582177e-02
4424 0 1 8.846400e+05 1.527163e+00 -4.722725e-02
4424 0 1 8.846400e+05 1.535890e+00 -4.877573e-02
4424 0 1 8.846400e+05 1.544616e+00 -5.011036e-02
4424 0 1 8.846400e+05 1.553343e+00 -5.030491e-02
4424 0 1 8.846400e+05 1.562070e+00 -4.926879e-02
4424 0 1 4.423200e+06 0.000000e+00 -1.190275e+00
4424 0 1 4.423200e+06 8.726646e-03 -1.120626e+00
4424 0 1 4.423200e+06 1.745329e-02 -1.026813e+00
4424 0 1 4.423200e+06 2.617994e-02 -9.360848e-01
4424 0 1 4.423200e+06 3.490659e-02 -8.530351e-01
4424 0 1 4.423200e+06 4.363323e-02 -7.715124e-01
4424 0 1 4.423200e+06 5.235988e-02 -6.971408e-01
4424 0 1 4.423200e+06 6.108652e-02 -6.326502e-01
4424 0 1 4.423200e+06 6.981317e-02 -5.732964e-01
4424 0 1 4.423200e+06 7.853982e-02 -5.196944e-01
4424 0 1 4.423200e+06 8.726646e-02 -4.729835e-01
4424 0 1 4.423200e+06 9.599311e-02 -4.300465e-01
4424 0 1 4.423200e+06 1.047198e-01 -3.908282e-01
4424 0 1 4.423200e+06 1.134464e-01 -3.560608e-01
4424 0 1 4.423200e+06 1.221730e-01 -3.237539e-01
4424 0 1 4.423200e+06 1.308997e-01 -2.939050e-01
4424 0 1 4.423200e+06 1.396263e-01 -2.667975e-01
4424 0 1 4.423200e+06 1.483530e-01 -2.413172e-01
4424 0 1 4.423200e+06 1.570796e-01 -2.174577e-01
4424 0 1 4.423200e+06 1.658063e-01 -1.952573e-01
4424 0 1 4.423200e+06 1.745329e-01 -1.741046e-01
4424 0 1 4.423200e+06 1.832596e-01 -1.540244e-01
4424 0 1 4.423200e+06 1.919862e-01 -1.349413e-01
4424 0 1 4.423200e+06 2.007129e-01 -1.164874e-01
4424 0 5 4.423200e+06 2.094395e-01 -1.255595e-01
4424 0 5 4.423200e+06 2.181662e-01 -1.551257e-01
4424 0 5 4.423200e+06 2.268928e-01 -1.850218e-01
4424 0 5 4.423200e+06 2.356194e-01 -2.160783e-01
4424 0 5 4.423200e+06 2.443461e-01 -2.474015e-01
4424 0 5 4.423200e+06 2.530727e-01 -2.787170e-01
4424 0 5 4.423200e+06 2.617994e-01 -3.111967e-01
4424 0 5 4.423200e+06 2.705260e-01 -3.437225e-01
4424 0 5 4.423200e+06 2.792527e-01 -3.761563e-01
4424 0 5 4.423200e+06 2.879793e-01 -4.096951e-01
4424 0 5 4.423200e+06 2.967060e-01 -4.431144e-01
4424 0 5 4.423200e+06 3.054326e-01 -4.765867e-01
4424 0 5 4.423200e+06 3.141593e-01 -5.106923e-01
4424 0 5 4.423200e+06 3.228859e-01 -5.448387e-01
4424 0 5 4.423200e+06 3.316126e-01 -5.791246e-01
4424 0 5 4.423200e+06 3.403392e-01 -6.136641e-01
4424 0 5 4.423200e+06 3.490659e-01 -6.483646e-01
4424 0 5 4.423200e+06 3.577925e-01 -6.832426e-01
4424 0 5 4.423200e+06 3.665191e-01 -7.181520e-01
4424 0 5 4.423200e+06 3.752458e-01 -7.532803e-01
4424 0 5 4.423200e+06 3.839724e-01 -7.885826e-01
4424 0 5 4.423200e+06 3.926991e-01 -8.237944e-01
4424 0 5 4.423200e+06 4.014257e-01 -8.591575e-01
4424 0 5 4.423200e+06 4.101524e-01 -8.947479e-01
4424 0 5 4.423200e+06 4.188790e-01 -9.302532e-01
4424 0 5 4.423200e+06 4.276057e-01 -9.657186e-01
4424 0 5 4.423200e+06 4.363323e-01 -1.001586e+00
4424 0 5 4.423200e+06 4.450590e-01 -1.037330e+00
4424 0 5 4.423200e+06 4.537856e-01 -1.072818e+00
4424 0 5 4.423200e+06 4.625123e-01 -1.109191e+00
4424 0 5 4.423200e+06 4.712389e-01 -1.145488e+00
4424 0 5 4.423200e+06 4.799655e-01 -1.180622e+00
4424 0 5 4.423200e+06 4.886922e-01 -1.219332e+00
4424 0 5 4.423200e+06 4.974188e-01 -1.252697e+00
4424 0 5 4.423200e+06 5.061455e-01 -1.257562e+00
4424 0 5 4.423200e+06 5.148721e-01 -1.231663e+00
4424 0 5 4.423200e+06 5.235988e-01 -1.190226e+00
4424 0 5 4.423200e+06 5.323254e-01 -1.120587e+00
4424 0 5 4.423200e+06 5.410521e-01 -1.026785e+00
4424 0 5 4.423200e+06 5.497787e-01 -9.360651e-01
4424 0 5 4.423200e+06 5.585054e-01 -8.530226e-01
4424 0 5 4.423200e+06 5.672320e-01 -7.715054e-01
4424 0 5 4.423200e+06 5.759587e-01 -6.971376e-01
4424 0 5 4.423200e+06 5.846853e-01 -6.326489e-01
4424 0 5 4.423200e+06 5.934119e-01 -5.732959e-01
4424 0 5 4.423200e+06 6.021386e-01 -5.196938e-01
4424 0 5 4.423200e+06 6.108652e-01 -4.729826e-01
4424 0 5 4.423200e+06 6.195919e-01 -4.300453e-01
4424 0 5 4.423200e+06 6.283185e-01 -3.908262e-01
4424 0 5 4.423200e+06 6.370452e-01 -3.560569e-01
4424 0 5 4.423200e+06 6.457718e-01 -3.237484e-01
4424 0 5 4.423200e+06 6.544985e-01 -2.938986e-01
4424 0 5 4.423200e+06 6.632251e-01 -2.667913e-01
4424 0 5 4.423200e+06 6.719518e-01 -2.413112e-01
4424 0 5 4.423200e+06 6.806784e-01 -2.174505e-01
4424 0 5 4.423200e+06 6.894051e-01 -1.952478e-01
4424 0 5 4.423200e+06 6.981317e-01 -1.740926e-01
4424 0 5 4.423200e+06 7.068583e-01 -1.540102e-01
4424 0 5 4.423200e+06 7.155850e-01 -1.349251e-01
4424 0 5 4.423200e+06 7.243116e-01 -1.164691e-01
4424 0 3 4.423200e+06 7.330383e-01 -1.254779e-01
4424 0 3 4.423200e+06 7.417649e-01 -1.550426e-01
4424 0 3 4.423200e+06 7.504916e-01 -1.849384e-01
4424 0 3 4.423200e+06 7.592182e-01 -2.159946e-01
4424 0 3 4.423200e+06 7.679449e-01 -2.473182e-01
4424 0 3 4.423200e+06 7.766715e-01 -2.786341e-01
4424 0 3 4.423200e+06 7.853982e-01 -3.111131e-01
4424 0 3 4.423200e+06 7.941248e-01 -3.436379e-01
4424 0 3 4.423200e+06 8.028515e-01 -3.760698e-01
4424 0 3 4.423200e+06 8.115781e-01 -4.096061e-01
4424 0 3 4.423200e+06 8.203047e-01 -4.430230e-01
4424 0 3 4.423200e+06 8.290314e-01 -4.764929e-01
4424 0 3 4.423200e+06 8.377580e-01 -5.105958e-01
4424 0 3 4.423200e+06 8.464847e-01 -5.447400e-01
4424 0 3 4.423200e+06 8.552113e-01 -5.790244e-01
4424 0 3 4.423200e+06 8.639380e-01 -6.135624e-01
4424 0 3 4.423200e+06 8.726646e-01 -6.482611e-01
4424 0 3 4.423200e+06 8.813913e-01 -6.831376e-01
4424 0 3 4.423200e+06 8.901179e-01 -7.180447e-01
4424 0 3 4.423200e+06 8.988446e-01 -7.531700e-01
4424 0 3 4.423200e+06 9.075712e-01 -7.884701e-01
4424 0 3 4.423200e+06 9.162979e-01 -8.236792e-01
4424 0 3 4.423200e+06 9.250245e-01 -8.590385e-01
4424 0 3 4.423200e+06 9.337511e-01 -8.946255e-01
4424 0 3 4.423200e+06 9.424778e-01 -9.301269e-01
4424 0 3 4.423200e+06 9.512044e-01 -9.655882e-01
4424 0 3 4.423200e+06 9.599311e-01 -1.001453e+00
4424 0 3 4.423200e+06 9.686577e-01 -1.037195e+00
4424 0 3 4.423200e+06 9.773844e-01 -1.072682e+00
4424 0 3 4.423200e+06 9.861110e-01 -1.109057e+00
4424 0 3 4.423200e+06 9.948377e-01 -1.145353e+00
4424 0 3 4.423200e+06 1.003564e+00 -1.180492e+00
4424 0 3 4.423200e+06 1.012291e+00 -1.219203e+00
4424 0 3 4.423200e+06 1.021018e+00 -1.252576e+00
4424 0 3 4.423200e+06 1.029744e+00 -1.257486e+00
4424 0 3 4.423200e+06 1.038471e+00 -1.231668e+00
4424 0 3 4.423200e+06 1.047198e+00 -1.190315e+00
4424 0 3 4.423200e+06 1.055924e+00 -1.120769e+00
4424 0 3 4.423200e+06 1.064651e+00 -1.027062e+00
4424 0 3 4.423200e+06 1.073377e+00 -9.364117e-01
4424 0 3 4.423200e+06 1.082104e+00 -8.534097e-01
4424 0 3 4.423200e+06 1.090831e+00 -7.719212e-01
4424 0 3 4.423200e+06 1.099557e+00 -6.975661e-01
4424 0 3 4.423200e+06 1.108284e+00 -6.330676e-01
4424 0 3 4.423200e+06 1.117011e+00 -5.737008e-01
4424 0 3 4.423200e+06 1.125737e+00 -5.200785e-01
4424 0 3 4.423200e+06 1.134464e+00 -4.733222e-01
4424 0 3 4.423200e+06 1.143191e+00 -4.303342e-01
4424 0 3 4.423200e+06 1.151917e+00 -3.910690e-01
4424 0 3 4.423200e+06 1.160644e+00 -3.562552e-01
4424 0 3 4.423200e+06 1.169371e+00 -3.239067e-01
4424 0 3 4.423200e+06 1.178097e+00 -2.940264e-01
4424 0 3 4.423200e+06 1.186824e+00 -2.668961e-01
4424 0 3 4.423200e+06 1.195551e+00 -2.413969e-01
4424 0 3 4.423200e+06 1.204277e+00 -2.175240e-01
4424 0 3 4.423200e+06 1.213004e+00 -1.953155e-01
4424 0 3 4.423200e+06 1.221730e+00 -1.741569e-01
4424 0 3 4.423200e+06 1.230457e+00 -1.540716e-01
4424 0 3 4.423200e+06 1.239184e+00 -1.349842e-01
4424 0 3 4.423200e+06 1.247910e+00 -1.165262e-01
4424 0 1 4.423200e+06 1.256637e+00 -1.256336e-01
4424 0 1 4.423200e+06 1.265364e+00 -1.551973e-01
4424 0 1 4.423200e+06 1.274090e+00 -1.850916e-01
4424 0 1 4.423200e+06 1.282817e+00 -2.161468e-01
4424 0 1 4.423200e+06 1.291544e+00 -2.474687e-01
4424 0 1 4.423200e+06 1.300270e+00 -2.787831e-01
4424 0 1 4.423200e+06 1.308997e+00 -3.112619e-01
4424 0 1 4.423200e+06 1.317724e+00 -3.437865e-01
4424 0 1 4.423200e+06 1.326450e+00 -3.762193e-01
4424 0 1 4.423200e+06 1.335177e+00 -4.097570e-01
4424 0 1 4.423200e+06 1.343904e+00 -4.431748e-01
4424 0 1 4.423200e+06 1.352630e+00 -4.766459e-01
4424 0 1 4.423200e+06 1.361357e+00 -5.107503e-01
4424 0 1 4.423200e+06 1.370083e+00 -5.448953e-01
4424 0 1 4.423200e+06 1.378810e+00 -5.791805e-01
4424 0 1 4.423200e+06 1.387537e+00 -6.137193e-01
4424 0 1 4.423200e+06 1.396263e+00 -6.484186e-01
4424 0 1 4.423200e+06 1.404990e+00 -6.832952e-01
4424 0 1 4.423200e+06 1.413717e+00 -7.182026e-01
4424 0 1 4.423200e+06 1.422443e+00 -7.533290e-01
4424 0 1 4.423200e+06 1.431170e+00 -7.886300e-01
4424 0 1 4.423200e+06 1.439897e+00 -8.238401e-01
4424 0 1 4.423200e+06 1.448623e+00 -8.592016e-01
4424 0 1 4.423200e+06 1.457350e+00 -8.947910e-01
4424 0 1 4.423200e+06 1.466077e+00 -9.302955e-01
4424 0 1 4.423200e+06 1.474803e+00 -9.657610e-01
4424 0 1 4.423200e+06 1.483530e+00 -1.001630e+00
4424 0 1 4.423200e+06 1.492257e+00 -1.037377e+00
4424 0 1 4.423200e+06 1.500983e+00 -1.072867e+00
4424 0 1 4.423200e+06 1.509710e+00 -1.109245e+00
4424 0 1 4.423200e+06 1.518436e+00 -1.145544e+00
4424 0 1 4.423200e+06 1.527163e+00 -1.180681e+00
4424 0 1 4.423200e+06 1.535890e+00 -1.219393e+00
4424 0 1 4.423200e+06 1.544616e+00 -1.252759e+00
4424 0 1 4.423200e+06 1.553343e+00 -1.257623e+00
4424 0 1 4.423200e+06 1.562070e+00 -1.231720e+00
4424 0 1 8.846400e+06 0.000000e+00 -4.761099e+00
4424 0 1 8.846400e+06 8.726646e-03 -4.482505e+00
4424 0 1 8.846400e+06 1.745329e-02 -4.107254e+00
4424 0 1 8.846400e+06 2.617994e-02 -3.744339e+00
4424 0 1 8.846400e+06 3.490659e-02 -3.412140e+00
4424 0 1 8.846400e+06 4.363323e-02 -3.086050e+00
4424 0 1 8.846400e+06 5.235988e-02 -2.788563e+00
4424 0 1 8.846400e+06 6.108652e-02 -2.530601e+00
4424 0 1 8.846400e+06 6.981317e-02 -2.293186e+00
4424 0 1 8.846400e+06 7.853982e-02 -2.078777e+00
4424 0 1 8.846400e+06 8.726646e-02 -1.891934e+00
4424 0 1 8.846400e+06 9.599311e-02 -1.720186e+00
4424 0 1 8.846400e+06 1.047198e-01 -1.563313e+00
4424 0 1 8.846400e+06 1.134464e-01 -1.424243e+00
4424 0 1 8.846400e+06 1.221730e-01 -1.295016e+00
4424 0 1 8.846400e+06 1.308997e-01 -1.175620e+00
4424 0 1 8.846400e+06 1.396263e-01 -1.067190e+00
4424 0 1 8.846400e+06 1.483530e-01 -9.652686e-01
4424 0 1 8.846400e+06 1.570796e-01 -8.698307e-01
4424 0 1 8.846400e+06 1.658063e-01 -7.810293e-01
4424 0 1 8.846400e+06 1.745329e-01 -6.964183e-01
4424 0 1 8.846400e+06 1.832596e-01 -6.160976e-01
4424 0 1 8.846400e+06 1.919862e-01 -5.397651e-01
4424 0 1 8.846400e+06 2.007129e-01 -4.659495e-01
4424 0 5 8.846400e+06 2.094395e-01 -5.022378e-01
4424 0 5 8.846400e+06 2.181662e-01 -6.205026e-01
4424 0 5 8.846400e+06 2.268928e-01 -7.400873e-01
4424 0 5 8.846400e+06 2.356194e-01 -8.643132e-01
4424 0 5 8.846400e+06 2.443461e-01 -9.896059e-01
4424 0 5 8.846400e+06 2.530727e-01 -1.114868e+00
4424 0 5 8.846400e+06 2.617994e-01 -1.244787e+00
4424 0 5 8.846400e+06 2.705260e-01 -1.374890e+00
4424 0 5 8.846400e+06 2.792527e-01 -1.504625e+00
4424 0 5 8.846400e+06 2.879793e-01 -1.638780e+00
4424 0 5 8.846400e+06 2.967060e-01 -1.772458e+00
4424 0 5 8.846400e+06 3.054326e-01 -1.906347e+00
4424 0 5 8.846400e+06 3.141593e-01 -2.042769e+00
4424 0 5 8.846400e+06 3.228859e-01 -2.179355e+00
4424 0 5 8.846400e+06 3.316126e-01 -2.316499e+00
4424 0 5 8.846400e+06 3.403392e-01 -2.454656e+00
4424 0 5 8.846400e+06 3.490659e-01 -2.593458e+00
4424 0 5 8.846400e+06 3.577925e-01 -2.732971e+00
4424 0 5 8.846400e+06 3.665191e-01 -2.872608e+00
4424 0 5 8.846400e+06 3.752458e-01 -3.013121e+00
4424 0 5 8.846400e+06 3.839724e-01 -3.154331e+00
4424 0 5 8.846400e+06 3.926991e-01 -3.295178e+00
4424 0 5 8.846400e+06 4.014257e-01 -3.436630e+00
4424 0 5 8.846400e+06 4.101524e-01 -3.578991e+00
4424 0 5 8.846400e+06 4.188790e-01 -3.721013e+00
4424 0 5 8.846400e+06 4.276057e-01 -3.862874e+00
4424 0 5 8.846400e+06 4.363323e-01 -4.006342e+00
4424 0 5 8.846400e+06 4.450590e-01 -4.149322e+00
4424 0 5 8.846400e+06 4.537856e-01 -4.291271e+00
4424 0 5 8.846400e+06 4.625123e-01 -4.436766e+00
4424 0 5 8.846400e+06 4.712389e-01 -4.581950e+00
4424 0 5 8.846400e+06 4.799655e-01 -4.722487e+00
4424 0 5 8.846400e+06 4.886922e-01 -4.877327e+00
4424 0 5 8.846400e+06 4.974188e-01 -5.010788e+00
4424 0 5 8.846400e+06 5.061455e-01 -5.030246e+00
4424 0 5 8.846400e+06 5.148721e-01 -4.926653e+00
4424 0 5 8.846400e+06 5.235988e-01 -4.760905e+00
4424 0 5 8.846400e+06 5.323254e-01 -4.482349e+00
4424 0 5 8.846400e+06 5.410521e-01 -4.107139e+00
4424 0 5 8.846400e+06 5.497787e-01 -3.744261e+00
4424 0 5 8.846400e+06 5.585054e-01 -3.412090e+00
4424 0 5 8.846400e+06 5.672320e-01 -3.086022e+00
4424 0 5 8.846400e+06 5.759587e-01 -2.788550e+00
4424 0 5 8.846400e+06 5.846853e-01 -2.530596e+00
4424 0 5 8.846400e+06 5.934119e-01 -2.293184e+00
4424 0 5 8.846400e+06 6.021386e-01 -2.078775e+00
4424 0 5 8.846400e+06 6.108652e-01 -1.891930e+00
4424 0 5 8.846400e+06 6.195919e-01 -1.720181e+00
4424 0 5 8.846400e+06 6.283185e-01 -1.563305e+00
4424 0 5 8.846400e+06 6.370452e-01 -1.424228e+00
4424 0 5 8.846400e+06 6.457718e-01 -1.294994e+00
4424 0 5 8.846400e+06 6.544985e-01 -1.175594e+00
4424 0 5 8.846400e+06 6.632251e-01 -1.067165e+00
4424 0 5 8.846400e+06 6.719518e-01 -9.652446e-01
4424 0 5 8.846400e+06 6.806784e-01 -8.698021e-01
4424 0 5 8.846400e+06 6.894051e-01 -7.809910e-01
4424 0 5 8.846400e+06 6.981317e-01 -6.963703e-01
4424 0 5 8.846400e+06 7.068583e-01 -6.160409e-01
4424 0 5 8.846400e+06 7.155850e-01 -5.397006e-01
4424 0 5 8.846400e+06 7.243116e-01 -4.658763e-01
4424 0 3 8.846400e+06 7.330383e-01 -5.019116e-01
4424 0 3 8.846400e+06 7.417649e-01 -6.201703e-01
4424 0 3 8.846400e+06 7.504916e-01 -7.397536e-01
4424 0 3 8.846400e+06 7.592182e-01 -8.639783e-01
4424 0 3 8.846400e+06 7.679449e-01 -9.892727e-01
4424 0 3 8.846400e+06 7.766715e-01 -1.114536e+00
4424 0 3 8.846400e+06 7.853982e-01 -1.244453e+00
4424 0 3 8.846400e+06 7.941248e-01 -1.374551e+00
4424 0 3 8.846400e+06 8.028515e-01 -1.504279e+00
4424 0 3 8.846400e+06 8.115781e-01 -1.638424e+00
4424 0 3 8.846400e+06 8.203047e-01 -1.772092e+00
4424 0 3 8.846400e+06 8.290314e-01 -1.905972e+00
4424 0 3 8.846400e+06 8.377580e-01 -2.042383e+00
4424 0 3 8.846400e+06 8.464847e-01 -2.178960e+00
4424 0 3 8.846400e+06 8.552113e-01 -2.316098e+00
4424 0 3 8.846400e+06 8.639380e-01 -2.454250e+00
4424 0 3 8.846400e+06 8.726646e-01 -2.593044e+00
4424 0 3 8.846400e+06 8.813913e-01 -2.732550e+00
4424 0 3 8.846400e+06 8.901179e-01 -2.872179e+00
4424 0 3 8.846400e+06 8.988446e-01 -3.012680e+00
4424 0 3 8.846400e+06 9.075712e-01 -3.153881e+00
4424 0 3 8.846400e+06 9.162979e-01 -3.294717e+00
4424 0 3 8.846400e+06 9.250245e-01 -3.436154e+00
4424 0 3 8.846400e+06 9.337511e-01 -3.578502e+00
4424 0 3 8.846400e+06 9.424778e-01 -3.720507e+00
4424 0 3 8.846400e+06 9.512044e-01 -3.862353e+00
4424 0 3 8.846400e+06 9.599311e-01 -4.005811e+00
4424 0 3 8.846400e+06 9.686577e-01 -4.148779e+00
4424 0 3 8.846400e+06 9.773844e-01 -4.290727e+00
4424 0 3 8.846400e+06 9.861110e-01 -4.436226e+00
4424 0 3 8.846400e+06 9.948377e-01 -4.581414e+00
4424 0 3 8.846400e+06 1.003564e+00 -4.721968e+00
4424 0 3 8.846400e+06 1.012291e+00 -4.876813e+00
4424 0 3 8.846400e+06 1.021018e+00 -5.010304e+00
4424 0 3 8.846400e+06 1.029744e+00 -5.029945e+00
4424 0 3 8.846400e+06 1.038471e+00 -4.926674e+00
4424 0 3 8.846400e+06 1.047198e+00 -4.761262e+00
4424 0 3 8.846400e+06 1.055924e+00 -4.483078e+00
4424 0 3 8.846400e+06 1.064651e+00 -4.108250e+00
4424 0 3 8.846400e+06 1.073377e+00 -3.745647e+00
4424 0 3 8.846400e+06 1.082104e+00 -3.413639e+00
4424 0 3 8.846400e+06 1.090831e+00 -3.087685e+00
4424 0 3 8.846400e+06 1.099557e+00 -2.790264e+00
4424 0 3 8.846400e+06 1.108284e+00 -2.532270e+00
4424 0 3 8.846400e+06 1.117011e+00 -2.294803e+00
4424 0 3 8.846400e+06 1.125737e+00 -2.080314e+00
4424 0 3 8.846400e+06 1.134464e+00 -1.893289e+00
4424 0 3 8.846400e+06 1.143191e+00 -1.721337e+00
4424 0 3 8.846400e+06 1.151917e+00 -1.564276e+00
4424 0 3 8.846400e+06 1.160644e+00 -1.425021e+00
4424 0 3 8.846400e+06 1.169371e+00 -1.295627e+00
4424 0 3 8.846400e+06 1.178097e+00 -1.176105e+00
4424 0 3 8.846400e+06 1.186824e+00 -1.067584e+00
4424 0 3 8.846400e+06 1.195551e+00 -9.655876e-01
4424 0 3 8.846400e+06 1.204277e+00 -8.700959e-01
4424 0 3 8.846400e+06 1.213004e+00 -7.812621e-01
4424 0 3 8.846400e+06 1.221730e+00 -6.966277e-01
4424 0 3 8.846400e+06 1.230457e+00 -6.162866e-01
4424 0 3 8.846400e+06 1.239184e+00 -5.399368e-01
4424 0 3 8.846400e+06 1.247910e+00 -4.661049e-01
4424 0 1 8.846400e+06 1.256637e+00 -5.025345e-01
4424 0 1 8.846400e+06 1.265364e+00 -6.207892e-01
4424 0 1 8.846400e+06 1.274090e+00 -7.403666e-01
4424 0 1 8.846400e+06 1.282817e+00 -8.645873e-01
4424 0 1 8.846400e+06 1.291544e+00 -9.898746e-01
4424 0 1 8.846400e+06 1.300270e+00 -1.115133e+00
4424 0 1 8.846400e+06 1.308997e+00 -1.245048e+00
4424 0 1 8.846400e+06 1.317724e+00 -1.375146e+00
4424 0 1 8.846400e+06 1.326450e+00 -1.504877e+00
4424 0 1 8.846400e+06 1.335177e+00 -1.639028e+00
4424 0 1 8.846400e+06 1.343904e+00 -1.772699e+00
4424 0 1 8.846400e+06 1.352630e+00 -1.906584e+00
4424 0 1 8.846400e+06 1.361357e+00 -2.043001e+00
4424 0 1 8.846400e+06 1.370083e+00 -2.179581e+00
4424 0 1 8.846400e+06 1.378810e+00 -2.316722e+00
4424 0 1 8.846400e+06 1.387537e+00 -2.454877e+00
4424 0 1 8.846400e+06 1.396263e+00 -2.593675e+00
4424 0 1 8.846400e+06 1.404990e+00 -2.733181e+00
4424 0 1 8.846400e+06 1.413717e+00 -2.872810e+00
4424 0 1 8.846400e+06 1.422443e+00 -3.013316e+00
4424 0 1 8.846400e+06 1.431170e+00 -3.154520e+00
4424 0 1 8.846400e+06 1.439897e+00 -3.295361e+00
4424 0 1 8.846400e+06 1.448623e+00 -3.436806e+00
4424 0 1 8.846400e+06 1.457350e+00 -3.579164e+00
4424 0 1 8.846400e+06 1.466077e+00 -3.721182e+00
4424 0 1 8.846400e+06 1.474803e+00 -3.863044e+00
4424 0 1 8.846400e+06 1.483530e+00 -4.006521e+00
4424 0 1 8.846400e+06 1.492257e+00 -4.149510e+00
4424 0 1 8.846400e+06 1.500983e+00 -4.291469e+00
4424 0 1 8.846400e+06 1.509710e+00 -4.436979e+00
4424 0 1 8.846400e+06 1.518436e+00 -4.582177e+00
4424 0 1 8.846400e+06 1.527163e+00 -4.722725e+00
4424 0 1 8.846400e+06 1.535890e+00 -4.877573e+00
4424 0 1 8.846400e+06 1.544616e+00 -5.011036e+00
4424 0 1 8.846400e+06 1.553343e+00 -5.030491e+00
4424 0 1 8.846400e+06 1.562070e+00 -4.926879e+00
4424 0 1 1.769280e+07 0.000000e+00 -1.904440e+01
4424 0 1 1.769280e+07 8.726646e-03 -1.793002e+01
4424 0 1 1.769280e+07 1.745329e-02 -1.642902e+01
4424 0 1 1.769280e+07 2.617994e-02 -1.497736e+01
4424 0 1 1.769280e+07 3.490659e-02 -1.364856e+01
4424 0 1 1.769280e+07 4.363323e-02 -1.234420e+01
4424 0 1 1.769280e+07 5.235988e-02 -1.115425e+01
4424 0 1 1.769280e+07 6.108652e-02 -1.012240e+01
4424 0 1 1.769280e+07 6.981317e-02 -9.172743e+00
4424 0 1 1.769280e+07 7.853982e-02 -8.315110e+00
4424 0 1 1.769280e+07 8.726646e-02 -7.567736e+00
4424 0 1 1.769280e+07 9.599311e-02 -6.880744e+00
4424 0 1 1.769280e+07 1.047198e-01 -6.253252e+00
4424 0 1 1.769280e+07 1.134464e-01 -5.696973e+00
4424 0 1 1.769280e+07 1.221730e-01 -5.180063e+00
4424 0 1 1.769280e+07 1.308997e-01 -4.702481e+00
4424 0 1 1.769280e+07 1.396263e-01 -4.268761e+00
4424 0 1 1.769280e+07 1.483530e-01 -3.861075e+00
4424 0 1 1.769280e+07 1.570796e-01 -3.479323e+00
4424 0 1 1.769280e+07 1.658063e-01 -3.124117e+00
4424 0 1 1.769280e+07 1.745329e-01 -2.785673e+00
4424 0 1 1.769280e+07 1.832596e-01 -2.464390e+00
4424 0 1 1.769280e+07 1.919862e-01 -2.159060e+00
4424 0 1 1.769280e+07 2.007129e-01 -1.863798e+00
4424 0 5 1.769280e+07 2.094395e-01 -2.008951e+00
4424 0 5 1.769280e+07 2.181662e-01 -2.482010e+00
4424 0 5 1.769280e+07 2.268928e-01 -2.960349e+00
4424 0 5 1.769280e+07 2.356194e-01 -3.457253e+00
4424 0 5 1.769280e+07 2.443461e-01 -3.958423e+00
4424 0 5 1.769280e+07 2.530727e-01 -4.459473e+00
4424 0 5 1.769280e+07 2.617994e-01 -4.979147e+00
4424 0 5 1.769280e+07 2.705260e-01 -5.499560e+00
4424 0 5 1.769280e+07 2.792527e-01 -6.018501e+00
4424 0 5 1.769280e+07 2.879793e-01 -6.555121e+00
4424 0 5 1.769280e+07 2.967060e-01 -7.089830e+00
4424 0 5 1.769280e+07 3.054326e-01 -7.625387e+00
4424 0 5 1.769280e+07 3.141593e-01 -8.171077e+00
4424 0 5 1.769280e+07 3.228859e-01 -8.717419e+00
4424 0 5 1.769280e+07 3.316126e-01 -9.265994e+00
4424 0 5 1.769280e+07 3.403392e-01 -9.818626e+00
4424 0 5 1.769280e+07 3.490659e-01 -1.037383e+01
4424 0 5 1.769280e+07 3.577925e-01 -1.093188e+01
4424 0 5 1.769280e+07 3.665191e-01 -1.149043e+01
4424 0 5 1.769280e+07 3.752458e-01 -1.205248e+01
4424 0 5 1.769280e+07 3.839724e-01 -1.261732e+01
4424 0 5 1.769280e+07 3.926991e-01 -1.318071e+01
4424 0 5 1.769280e+07 4.014257e-01 -1.374652e+01
4424 0 5 1.769280e+07 4.101524e-01 -1.431597e+01
4424 0 5 1.769280e+07 4.188790e-01 -1.488405e+01
4424 0 5 1.769280e+07 4.276057e-01 -1.545150e+01
4424 0 5 1.769280e+07 4.363323e-01 -1.602537e+01
4424 0 5 1.769280e+07 4.450590e-01 -1.659729e+01
4424 0 5 1.769280e+07 4.537856e-01 -1.716508e+01
4424 0 5 1.769280e+07 4.625123e-01 -1.774706e+01
4424 0 5 1.769280e+07 4.712389e-01 -1.832780e+01
4424 0 5 1.769280e+07 4.799655e-01 -1.888995e+01
4424 0 5 1.769280e+07 4.886922e-01 -1.950931e+01
4424 0 5 1.769280e+07 4.974188e-01 -2.004315e+01
4424 0 5 1.769280e+07 5.061455e-01 -2.012099e+01
4424 0 5 1.769280e+07 5.148721e-01 -1.970661e+01
4424 0 5 1.769280e+07 5.235988e-01 -1.904362e+01
4424 0 5 1.769280e+07 5.323254e-01 -1.792940e+01
4424 0 5 1.769280e+07 5.410521e-01 -1.642856e+01
4424 0 5 1.769280e+07 5.497787e-01 -1.497704e+01
4424 0 5 1.769280e+07 5.585054e-01 -1.364836e+01
4424 0 5 1.769280e+07 5.672320e-01 -1.234409e+01
4424 0 5 1.769280e+07 5.759587e-01 -1.115420e+01
4424 0 5 1.769280e+07 5.846853e-01 -1.012238e+01
4424 0 5 1.769280e+07 5.934119e-01 -9.172734e+00
4424 0 5 1.769280e+07 6.021386e-01 -8.315100e+00
4424 0 5 1.769280e+07 6.108652e-01 -7.567721e+00
4424 0 5 1.769280e+07 6.195919e-01 -6.880725e+00
4424 0 5 1.769280e+07 6.283185e-01 -6.253220e+00
4424 0 5 1.769280e+07 6.370452e-01 -5.696910e+00
4424 0 5 1.769280e+07 6.457718e-01 -5.179975e+00
4424 0 5 1.769280e+07 6.544985e-01 -4.702377e+00
4424 0 5 1.769280e+07 6.632251e-01 -4.268661e+00
4424 0 5 1.769280e+07 6.719518e-01 -3.860979e+00
4424 0 5 1.769280e+07 6.806784e-01 -3.479209e+00
4424 0 5 1.769280e+07 6.894051e-01 -3.123964e+00
4424 0 5 1.769280e+07 6.981317e-01 -2.785481e+00
4424 0 5 1.769280e+07 7.068583e-01 -2.464163e+00
4424 0 5 1.769280e+07 7.155850e-01 -2.158802e+00
4424 0 5 1.769280e+07 7.243116e-01 -1.863505e+00
4424 0 3 1.769280e+07 7.330383e-01 -2.007646e+00
4424 0 3 1.769280e+07 7.417649e-01 -2.480681e+00
4424 0 3 1.769280e+07 7.504916e-01 -2.959014e+00
4424 0 3 1.769280e+07 7.592182e-01 -3.455913e+00
4424 0 3 1.769280e+07 7.679449e-01 -3.957091e+00
4424 0 3 1.769280e+07 7.766715e-01 -4.458145e+00
4424 0 3 1.769280e+07 7.853982e-01 -4.977810e+00
4424 0 3 1.769280e+07 7.941248e-01 -5.498206e+00
4424 0 3 1.769280e+07 8.028515e-01 -6.017118e+00
4424 0 3 1.769280e+07 8.115781e-01 -6.553697e+00
4424 0 3 1.769280e+07 8.203047e-01 -7.088368e+00
4424 0 3 1.769280e+07 8.290314e-01 -7.623886e+00
4424 0 3 1.769280e+07 8.377580e-01 -8.169533e+00
4424 0 3 1.769280e+07 8.464847e-01 -8.715840e+00
4424 0 3 1.769280e+07 8.552113e-01 -9.264391e+00
4424 0 3 1.769280e+07 8.639380e-01 -9.816998e+00
4424 0 3 1.769280e+07 8.726646e-01 -1.037218e+01
4424 0 3 1.769280e+07 8.813913e-01 -1.093020e+01
4424 0 3 1.769280e+07 8.901179e-01 -1.148872e+01
4424 0 3 1.769280e+07 8.988446e-01 -1.205072e+01
4424 0 3 1.769280e+07 9.075712e-01 -1.261552e+01
4424 0 3 1.769280e+07 9.162979e-01 -1.317887e+01
4424 0 3 1.769280e+07 9.250245e-01 -1.374462e+01
4424 0 3 1.769280e+07 9.337511e-01 -1.431401e+01
4424 0 3 1.769280e+07 9.424778e-01 -1.488203e+01
4424 0 3 1.769280e+07 9.512044e-01 -1.544941e+01
4424 0 3 1.769280e+07 9.599311e-01 -1.602324e+01
4424 0 3 1.769280e+07 9.686577e-01 -1.659512e+01
4424 0 3 1.769280e+07 9.773844e-01 -1.716291e+01
4424 0 3 1.769280e+07 9.861110e-01 -1.774491e+01
4424 0 3 1.769280e+07 9.948377e-01 -1.832566e+01
4424 0 3 1.769280e+07 1.003564e+00 -1.888787e+01
4424 0 3 1.769280e+07 1.012291e+00 -1.950725e+01
4424 0 3 1.769280e+07 1.021018e+00 -2.004122e+01
4424 0 3 1.769280e+07 1.029744e+00 -2.011978e+01
4424 0 3 1.769280e+07 1.038471e+00 -1.970669e+01
4424 0 3 1.769280e+07 1.047198e+00 -1.904505e+01
4424 0 3 1.769280e+07 1.055924e+00 -1.793231e+01
4424 0 3 1.769280e+07 1.064651e+00 -1.643300e+01
4424 0 3 1.769280e+07 1.073377e+00 -1.498259e+01
4424 0 3 1.769280e+07 1.082104e+00 -1.365456e+01
4424 0 3 1.769280e+07 1.090831e+00 -1.235074e+01
4424 0 3 1.769280e+07 1.099557e+00 -1.116106e+01
4424 0 3 1.769280e+07 1.108284e+00 -1.012908e+01
4424 0 3 1.769280e+07 1.117011e+00 -9.179212e+00
4424 0 3 1.769280e+07 1.125737e+00 -8.321256e+00
4424 0 3 1.769280e+07 1.134464e+00 -7.573155e+00
4424 0 3 1.769280e+07 1.143191e+00 -6.885347e+00
4424 0 3 1.769280e+07 1.151917e+00 -6.257104e+00
4424 0 3 1.769280e+07 1.160644e+00 -5.700084e+00
4424 0 3 1.769280e+07 1.169371e+00 -5.182507e+00
4424 0 3 1.769280e+07 1.178097e+00 -4.704422e+00
4424 0 3 1.769280e+07 1.186824e+00 -4.270337e+00
4424 0 3 1.769280e+07 1.195551e+00 -3.862351e+00
4424 0 3 1.769280e+07 1.204277e+00 -3.480384e+00
4424 0 3 1.769280e+07 1.213004e+00 -3.125049e+00
4424 0 3 1.769280e+07 1.221730e+00 -2.786511e+00
4424 0 3 1.769280e+07 1.230457e+00 -2.465146e+00
4424 0 3 1.769280e+07 1.239184e+00 -2.159747e+00
4424 0 3 1.769280e+07 1.247910e+00 -1.864420e+00
4424 0 1 1.769280e+07 1.256637e+00 -2.010138e+00
4424 0 1 1.769280e+07 1.265364e+00 -2.483157e+00
4424 0 1 1.769280e+07 1.274090e+00 -2.961466e+00
4424 0 1 1.769280e+07 1.282817e+00 -3.458349e+00
4424 0 1 1.769280e+07 1.291544e+00 -3.959498e+00
4424 0 1 1.769280e+07 1.300270e+00 -4.460530e+00
4424 0 1 1.769280e+07 1.308997e+00 -4.980191e+00
4424 0 1 1.769280e+07 1.317724e+00 -5.500584e+00
4424 0 1 1.769280e+07 1.326450e+00 -6.019509e+00
4424 0 1 1.769280e+07 1.335177e+00 -6.556113e+00
4424 0 1 1.769280e+07 1.343904e+00 -7.090797e+00
4424 0 1 1.769280e+07 1.352630e+00 -7.626334e+00
4424 0 1 1.769280e+07 1.361357e+00 -8.172005e+00
4424 0 1 1.769280e+07 1.370083e+00 -8.718325e+00
4424 0 1 1.769280e+07 1.378810e+00 -9.266889e+00
4424 0 1 1.769280e+07 1.387537e+00 -9.819509e+00
4424 0 1 1.769280e+07 1.396263e+00 -1.037470e+01
4424 0 1 1.769280e+07 1.404990e+00 -1.093272e+01
4424 0 1 1.769280e+07 1.413717e+00 -1.149124e+01
4424 0 1 1.769280e+07 1.422443e+00 -1.205326e+01
4424 0 1 1.769280e+07 1.431170e+00 -1.261808e+01
4424 0 1 1.769280e+07 1.439897e+00 -1.318144e+01
4424 0 1 1.769280e+07 1.448623e+00 -1.374723e+01
4424 0 1 1.769280e+07 1.457350e+00 -1.431666e+01
4424 0 1 1.769280e+07 1.466077e+00 -1.488473e+01
4424 0 1 1.769280e+07 1.474803e+00 -1.545218e+01
4424 0 1 1.769280e+07 1.483530e+00 -1.602608e+01
4424 0 1 1.769280e+07 1.492257e+00 -1.659804e+01
4424 0 1 1.769280e+07 1.500983e+00 -1.716588e+01
4424 0 1 1.769280e+07 1.509710e+00 -1.774791e+01
4424 0 1 1.769280e+07 1.518436e+00 -1.832871e+01
4424 0 1 1.769280e+07 1.527163e+00 -1.889090e+01
4424 0 1 1.769280e+07 1.535890e+00 -1.951029e+01
4424 0 1 1.769280e+07 1.544616e+00 -2.004414e+01
4424 0 1 1.769280e+07 1.553343e+00 -2.012196e+01
4424 0 1 1.769280e+07 1.562070e+00 -1.970751e+01
