400 0.000000e+00 6.859000e-03
400 5.235988e-01 4.834000e-03
400 1.047198e+00 4.485000e-03
400 1.570796e+00 4.296000e-03
400 2.094395e+00 4.307000e-03
400 2.617994e+00 4.314000e-03
400 3.141593e+00 4.233000e-03
400 3.665191e+00 4.250000e-03
400 4.188790e+00 4.422000e-03
400 4.712389e+00 4.016000e-03
400 5.235988e+00 3.844000e-03
400 5.759587e+00 3.796000e-03
400 6.283185e+00 4.093000e-03
400 0.000000e+00 1.762800e-02
400 5.235988e-01 1.082800e-02
400 1.047198e+00 5.119000e-03
400 1.570796e+00 4.371000e-03
400 2.094395e+00 4.253000e-03
400 2.617994e+00 4.228000e-03
400 3.141593e+00 4.138000e-03
400 3.665191e+00 4.006000e-03
400 4.188790e+00 4.203000e-03
400 4.712389e+00 4.790000e-03
400 5.235988e+00 3.873000e-03
400 5.759587e+00 3.768000e-03
400 6.283185e+00 3.620000e-03
400 0.000000e+00 1.922900e-02
400 5.235988e-01 1.248100e-02
400 1.047198e+00 7.377000e-03
400 1.570796e+00 5.535000e-03
400 2.094395e+00 4.608000e-03
400 2.617994e+00 4.229000e-03
400 3.141593e+00 4.204000e-03
400 3.665191e+00 4.538000e-03
400 4.188790e+00 4.238000e-03
400 4.712389e+00 3.947000e-03
400 5.235988e+00 3.777000e-03
400 5.759587e+00 3.666000e-03
400 6.283185e+00 3.601000e-03
400 0.000000e+00 5.054000e-03
400 5.235988e-01 4.270000e-03
400 1.047198e+00 5.075000e-03
400 1.570796e+00 4.274000e-03
400 2.094395e+00 4.092000e-03
400 2.617994e+00 4.146000e-03
400 3.141593e+00 5.101000e-03
400 3.665191e+00 4.938000e-03
400 4.188790e+00 4.016000e-03
400 4.712389e+00 4.019000e-03
400 5.235988e+00 3.796000e-03
400 5.759587e+00 3.750000e-03
400 6.283185e+00 3.686000e-03
400 0.000000e+00 1.925100e-02
400 5.235988e-01 1.153500e-02
400 1.047198e+00 6.643000e-03
400 1.570796e+00 5.007000e-03
400 2.094395e+00 4.431000e-03
400 2.617994e+00 4.038000e-03
400 3.141593e+00 4.583000e-03
400 3.665191e+00 4.630000e-03
400 4.188790e+00 4.411000e-03
400 4.712389e+00 3.782000e-03
400 5.235988e+00 3.802000e-03
400 5.759587e+00 3.683000e-03
400 6.283185e+00 3.575000e-03
400 0.000000e+00 5.611000e-03
400 5.235988e-01 3.976000e-03
400 1.047198e+00 3.923000e-03
400 1.570796e+00 4.329000e-03
400 2.094395e+00 3.926000e-03
400 2.617994e+00 3.947000e-03
400 3.141593e+00 4.618000e-03
400 3.665191e+00 3.966000e-03
400 4.188790e+00 3.703000e-03
400 4.712389e+00 3.650000e-03
400 5.235988e+00 3.699000e-03
400 5.759587e+00 3.594000e-03
400 6.283185e+00 3.522000e-03
400 0.000000e+00 1.755000e-02
400 5.235988e-01 1.280000e-02
400 1.047198e+00 8.297000e-03
400 1.570796e+00 5.578000e-03
400 2.094395e+00 4.718000e-03
400 2.617994e+00 4.158000e-03
400 3.141593e+00 4.065000e-03
400 3.665191e+00 4.354000e-03
400 4.188790e+00 4.576000e-03
400 4.712389e+00 3.883000e-03
400 5.235988e+00 3.694000e-03
400 5.759587e+00 3.712000e-03
400 6.283185e+00 3.585000e-03
400 0.000000e+00 1.778400e-02
400 5.235988e-01 1.407700e-02
400 1.047198e+00 8.221000e-03
400 1.570796e+00 5.840000e-03
400 2.094395e+00 4.858000e-03
400 2.617994e+00 4.305000e-03
400 3.141593e+00 4.295000e-03
400 3.665191e+00 4.710000e-03
400 4.188790e+00 3.936000e-03
400 4.712389e+00 3.777000e-03
400 5.235988e+00 3.714000e-03
400 5.759587e+00 3.662000e-03
400 6.283185e+00 3.593000e-03
400 0.000000e+00 1.755000e-02
400 5.235988e-01 1.153700e-02
400 1.047198e+00 7.728000e-03
400 1.570796e+00 5.400000e-03
400 2.094395e+00 4.663000e-03
400 2.617994e+00 4.047000e-03
400 3.141593e+00 3.746000e-03
400 3.665191e+00 3.886000e-03
400 4.188790e+00 3.753000e-03
400 4.712389e+00 4.022000e-03
400 5.235988e+00 3.673000e-03
400 5.759587e+00 3.650000e-03
400 6.283185e+00 3.664000e-03
400 0.000000e+00 2.100400e-02
400 5.235988e-01 1.481600e-02
400 1.047198e+00 7.132000e-03
400 1.570796e+00 5.493000e-03
400 2.094395e+00 4.991000e-03
400 2.617994e+00 4.656000e-03
400 3.141593e+00 4.527000e-03
400 3.665191e+00 4.281000e-03
400 4.188790e+00 4.193000e-03
400 4.712389e+00 4.147000e-03
400 5.235988e+00 4.055000e-03
400 5.759587e+00 4.108000e-03
400 6.283185e+00 3.826000e-03
400 0.000000e+00 2.021600e-02
400 5.235988e-01 1.485800e-02
400 1.047198e+00 7.382000e-03
400 1.570796e+00 5.829000e-03
400 2.094395e+00 4.802000e-03
400 2.617994e+00 5.063000e-03
400 3.141593e+00 4.256000e-03
400 3.665191e+00 4.327000e-03
400 4.188790e+00 4.165000e-03
400 4.712389e+00 4.036000e-03
400 5.235988e+00 3.916000e-03
400 5.759587e+00 3.862000e-03
400 6.283185e+00 3.868000e-03
838 0.000000e+00 1.512300e-02
838 5.235988e-01 1.177600e-02
838 1.047198e+00 1.202000e-02
838 1.570796e+00 1.105300e-02
838 2.094395e+00 1.192000e-02
838 2.617994e+00 9.914000e-03
838 3.141593e+00 1.010800e-02
838 3.665191e+00 1.220400e-02
838 4.188790e+00 1.049300e-02
838 4.712389e+00 9.841000e-03
838 5.235988e+00 1.057200e-02
838 5.759587e+00 9.596000e-03
838 6.283185e+00 9.584000e-03
838 0.000000e+00 3.737200e-02
838 5.235988e-01 1.376100e-02
838 1.047198e+00 1.217900e-02
838 1.570796e+00 1.038300e-02
838 2.094395e+00 9.641000e-03
838 2.617994e+00 1.050300e-02
838 3.141593e+00 9.723000e-03
838 3.665191e+00 9.769000e-03
838 4.188790e+00 1.092500e-02
838 4.712389e+00 9.753000e-03
838 5.235988e+00 9.530000e-03
838 5.759587e+00 1.013600e-02
838 6.283185e+00 9.691000e-03
838 0.000000e+00 1.633600e-02
838 5.235988e-01 1.106800e-02
838 1.047198e+00 1.133900e-02
838 1.570796e+00 9.850000e-03
838 2.094395e+00 1.025000e-02
838 2.617994e+00 1.053400e-02
838 3.141593e+00 9.812000e-03
838 3.665191e+00 1.014100e-02
838 4.188790e+00 1.187900e-02
838 4.712389e+00 9.691000e-03
838 5.235988e+00 1.010300e-02
838 5.759587e+00 1.073200e-02
838 6.283185e+00 9.635000e-03
838 0.000000e+00 3.268100e-02
838 5.235988e-01 1.133400e-02
838 1.047198e+00 1.239600e-02
838 1.570796e+00 1.109000e-02
838 2.094395e+00 9.713000e-03
838 2.617994e+00 1.156700e-02
838 3.141593e+00 9.755000e-03
838 3.665191e+00 9.887000e-03
838 4.188790e+00 1.166800e-02
838 4.712389e+00 9.852000e-03
838 5.235988e+00 9.393000e-03
838 5.759587e+00 1.020500e-02
838 6.283185e+00 9.787000e-03
838 0.000000e+00 1.477400e-02
838 5.235988e-01 1.169600e-02
838 1.047198e+00 1.210700e-02
838 1.570796e+00 1.026500e-02
838 2.094395e+00 1.013800e-02
838 2.617994e+00 1.044000e-02
838 3.141593e+00 9.582000e-03
838 3.665191e+00 1.013100e-02
838 4.188790e+00 1.158200e-02
838 4.712389e+00 9.755000e-03
838 5.235988e+00 9.682000e-03
838 5.759587e+00 1.110000e-02
838 6.283185e+00 9.282000e-03
838 0.000000e+00 1.243500e-02
838 5.235988e-01 1.074400e-02
838 1.047198e+00 1.230600e-02
838 1.570796e+00 9.838000e-03
838 2.094395e+00 9.756000e-03
838 2.617994e+00 1.160200e-02
838 3.141593e+00 9.672000e-03
838 3.665191e+00 9.627000e-03
838 4.188790e+00 1.202400e-02
838 4.712389e+00 9.775000e-03
838 5.235988e+00 9.952000e-03
838 5.759587e+00 1.087200e-02
838 6.283185e+00 9.250000e-03
838 0.000000e+00 1.493900e-02
838 5.235988e-01 1.244200e-02
838 1.047198e+00 1.178100e-02
838 1.570796e+00 1.095800e-02
838 2.094395e+00 1.097400e-02
838 2.617994e+00 9.787000e-03
838 3.141593e+00 9.538000e-03
838 3.665191e+00 1.081100e-02
838 4.188790e+00 1.013200e-02
838 4.712389e+00 9.734000e-03
838 5.235988e+00 1.049900e-02
838 5.759587e+00 9.852000e-03
838 6.283185e+00 9.410000e-03
838 0.000000e+00 1.280200e-02
838 5.235988e-01 1.143900e-02
838 1.047198e+00 1.162700e-02
838 1.570796e+00 1.014700e-02
838 2.094395e+00 1.025500e-02
838 2.617994e+00 1.088400e-02
838 3.141593e+00 9.705000e-03
838 3.665191e+00 1.013600e-02
838 4.188790e+00 1.168000e-02
838 4.712389e+00 9.766000e-03
838 5.235988e+00 1.024000e-02
838 5.759587e+00 1.090800e-02
838 6.283185e+00 9.211000e-03
838 0.000000e+00 1.473800e-02
838 5.235988e-01 1.261000e-02
838 1.047198e+00 1.218100e-02
838 1.570796e+00 1.101000e-02
838 2.094395e+00 1.139700e-02
838 2.617994e+00 9.609000e-03
838 3.141593e+00 9.569000e-03
838 3.665191e+00 1.123400e-02
838 4.188790e+00 1.018200e-02
838 4.712389e+00 9.500000e-03
838 5.235988e+00 1.092100e-02
838 5.759587e+00 9.744000e-03
838 6.283185e+00 9.200000e-03
838 0.000000e+00 1.604600e-02
838 5.235988e-01 1.407300e-02
838 1.047198e+00 1.152600e-02
838 1.570796e+00 9.820000e-03
838 2.094395e+00 1.129800e-02
838 2.617994e+00 9.827000e-03
838 3.141593e+00 1.190700e-02
838 3.665191e+00 1.116900e-02
838 4.188790e+00 9.990000e-03
838 4.712389e+00 9.575000e-03
838 5.235988e+00 1.136900e-02
838 5.759587e+00 9.593000e-03
838 6.283185e+00 9.084000e-03
1667 0.000000e+00 2.836700e-02
1667 5.235988e-01 2.390000e-02
1667 1.047198e+00 2.250400e-02
1667 1.570796e+00 2.297900e-02
1667 2.094395e+00 2.231700e-02
1667 2.617994e+00 2.243300e-02
1667 3.141593e+00 2.390600e-02
1667 3.665191e+00 2.541900e-02
1667 4.188790e+00 2.309600e-02
1667 4.712389e+00 2.103000e-02
1667 5.235988e+00 2.359500e-02
1667 5.759587e+00 2.254200e-02
1667 6.283185e+00 1.833200e-02
1667 0.000000e+00 2.282700e-02
1667 5.235988e-01 2.373600e-02
1667 1.047198e+00 2.273000e-02
1667 1.570796e+00 2.230700e-02
1667 2.094395e+00 2.287500e-02
1667 2.617994e+00 2.379700e-02
1667 3.141593e+00 2.435300e-02
1667 3.665191e+00 2.430300e-02
1667 4.188790e+00 2.246800e-02
1667 4.712389e+00 2.226300e-02
1667 5.235988e+00 2.312600e-02
1667 5.759587e+00 2.238600e-02
1667 6.283185e+00 1.861900e-02
1667 0.000000e+00 5.135200e-02
1667 5.235988e-01 2.319800e-02
1667 1.047198e+00 2.265700e-02
1667 1.570796e+00 2.283500e-02
1667 2.094395e+00 2.351900e-02
1667 2.617994e+00 3.485900e-02
1667 3.141593e+00 2.297700e-02
1667 3.665191e+00 2.496200e-02
1667 4.188790e+00 2.411100e-02
1667 4.712389e+00 2.297200e-02
1667 5.235988e+00 2.197700e-02
1667 5.759587e+00 2.363800e-02
1667 6.283185e+00 1.954900e-02
1667 0.000000e+00 5.183000e-02
1667 5.235988e-01 2.296900e-02
1667 1.047198e+00 2.176200e-02
1667 1.570796e+00 2.352400e-02
1667 2.094395e+00 2.155800e-02
1667 2.617994e+00 2.334900e-02
1667 3.141593e+00 2.443800e-02
1667 3.665191e+00 2.426600e-02
1667 4.188790e+00 2.272700e-02
1667 4.712389e+00 2.345200e-02
1667 5.235988e+00 2.407500e-02
1667 5.759587e+00 2.295700e-02
1667 6.283185e+00 1.839700e-02
1667 0.000000e+00 5.098100e-02
1667 5.235988e-01 2.370000e-02
1667 1.047198e+00 2.278400e-02
1667 1.570796e+00 2.260600e-02
1667 2.094395e+00 2.284100e-02
1667 2.617994e+00 2.501400e-02
1667 3.141593e+00 2.442400e-02
1667 3.665191e+00 2.407900e-02
1667 4.188790e+00 2.473400e-02
1667 4.712389e+00 2.143300e-02
1667 5.235988e+00 2.419900e-02
1667 5.759587e+00 2.292300e-02
1667 6.283185e+00 2.004900e-02
1667 0.000000e+00 5.149600e-02
1667 5.235988e-01 2.275300e-02
1667 1.047198e+00 2.273400e-02
1667 1.570796e+00 2.251500e-02
1667 2.094395e+00 2.225300e-02
1667 2.617994e+00 2.343600e-02
1667 3.141593e+00 2.382500e-02
1667 3.665191e+00 2.421300e-02
1667 4.188790e+00 2.321500e-02
1667 4.712389e+00 2.259700e-02
1667 5.235988e+00 2.413900e-02
1667 5.759587e+00 2.330600e-02
1667 6.283185e+00 1.832000e-02
1667 0.000000e+00 5.034800e-02
1667 5.235988e-01 2.225500e-02
1667 1.047198e+00 2.245400e-02
1667 1.570796e+00 2.271900e-02
1667 2.094395e+00 2.175900e-02
1667 2.617994e+00 2.283300e-02
1667 3.141593e+00 2.374400e-02
1667 3.665191e+00 3.590800e-02
1667 4.188790e+00 2.944800e-02
1667 4.712389e+00 2.352700e-02
1667 5.235988e+00 2.362800e-02
1667 5.759587e+00 2.431600e-02
1667 6.283185e+00 2.075100e-02
1667 0.000000e+00 2.429800e-02
1667 5.235988e-01 2.377600e-02
1667 1.047198e+00 2.232800e-02
1667 1.570796e+00 2.312100e-02
1667 2.094395e+00 2.185200e-02
1667 2.617994e+00 2.438300e-02
1667 3.141593e+00 2.406500e-02
1667 3.665191e+00 2.386800e-02
1667 4.188790e+00 2.222300e-02
1667 4.712389e+00 2.303600e-02
1667 5.235988e+00 2.406700e-02
1667 5.759587e+00 2.267400e-02
1667 6.283185e+00 1.863900e-02
1667 0.000000e+00 3.214400e-02
1667 5.235988e-01 2.282300e-02
1667 1.047198e+00 2.231000e-02
1667 1.570796e+00 2.286700e-02
1667 2.094395e+00 2.313300e-02
1667 2.617994e+00 2.199600e-02
1667 3.141593e+00 2.487100e-02
1667 3.665191e+00 2.365400e-02
1667 4.188790e+00 2.445200e-02
1667 4.712389e+00 3.597600e-02
1667 5.235988e+00 3.614000e-02
1667 5.759587e+00 2.306300e-02
1667 6.283185e+00 1.863900e-02
4424 0.000000e+00 8.270500e-02
4424 5.235988e-01 7.117100e-02
4424 1.047198e+00 7.027900e-02
4424 1.570796e+00 6.542000e-02
4424 2.094395e+00 6.919200e-02
4424 2.617994e+00 6.687500e-02
4424 3.141593e+00 6.706900e-02
4424 3.665191e+00 6.609500e-02
4424 4.188790e+00 6.868600e-02
4424 4.712389e+00 7.277000e-02
4424 5.235988e+00 7.370900e-02
4424 5.759587e+00 6.811600e-02
4424 6.283185e+00 5.998700e-02
4424 0.000000e+00 8.186600e-02
4424 5.235988e-01 7.177000e-02
4424 1.047198e+00 6.889400e-02
4424 1.570796e+00 6.701100e-02
4424 2.094395e+00 6.903300e-02
4424 2.617994e+00 6.898800e-02
4424 3.141593e+00 6.846900e-02
4424 3.665191e+00 6.921000e-02
4424 4.188790e+00 7.054500e-02
4424 4.712389e+00 6.737500e-02
4424 5.235988e+00 7.049500e-02
4424 5.759587e+00 6.898600e-02
4424 6.283185e+00 6.230800e-02
4424 0.000000e+00 8.099300e-02
4424 5.235988e-01 6.963800e-02
4424 1.047198e+00 6.647400e-02
4424 1.570796e+00 6.798900e-02
4424 2.094395e+00 6.697000e-02
4424 2.617994e+00 6.721500e-02
4424 3.141593e+00 7.082300e-02
4424 3.665191e+00 7.297400e-02
4424 4.188790e+00 6.646600e-02
4424 4.712389e+00 6.792600e-02
4424 5.235988e+00 6.915300e-02
4424 5.759587e+00 6.703600e-02
4424 6.283185e+00 5.997800e-02
4424 0.000000e+00 7.446100e-02
4424 5.235988e-01 6.851700e-02
4424 1.047198e+00 6.739800e-02
4424 1.570796e+00 6.587000e-02
4424 2.094395e+00 6.721100e-02
4424 2.617994e+00 6.739700e-02
4424 3.141593e+00 6.773500e-02
4424 3.665191e+00 6.767500e-02
4424 4.188790e+00 7.182200e-02
4424 4.712389e+00 7.111000e-02
4424 5.235988e+00 6.891600e-02
4424 5.759587e+00 6.970800e-02
4424 6.283185e+00 5.950600e-02
4424 0.000000e+00 8.558700e-02
4424 5.235988e-01 6.973800e-02
4424 1.047198e+00 6.927800e-02
4424 1.570796e+00 6.749700e-02
4424 2.094395e+00 7.006200e-02
4424 2.617994e+00 6.915200e-02
4424 3.141593e+00 6.745000e-02
4424 3.665191e+00 7.336400e-02
4424 4.188790e+00 7.107700e-02
4424 4.712389e+00 6.844700e-02
4424 5.235988e+00 7.112900e-02
4424 5.759587e+00 6.722700e-02
4424 6.283185e+00 5.993300e-02
4424 0.000000e+00 7.883200e-02
4424 5.235988e-01 7.359500e-02
4424 1.047198e+00 6.942200e-02
4424 1.570796e+00 6.491200e-02
4424 2.094395e+00 6.847400e-02
4424 2.617994e+00 6.545200e-02
4424 3.141593e+00 7.072400e-02
4424 3.665191e+00 6.892800e-02
4424 4.188790e+00 7.351000e-02
4424 4.712389e+00 6.955700e-02
4424 5.235988e+00 6.901900e-02
4424 5.759587e+00 6.909700e-02
4424 6.283185e+00 6.112600e-02
4424 0.000000e+00 7.482200e-02
4424 5.235988e-01 6.919600e-02
4424 1.047198e+00 6.947700e-02
4424 1.570796e+00 6.750900e-02
4424 2.094395e+00 7.008700e-02
4424 2.617994e+00 6.978300e-02
4424 3.141593e+00 6.945400e-02
4424 3.665191e+00 6.640600e-02
4424 4.188790e+00 6.970500e-02
4424 4.712389e+00 6.795800e-02
4424 5.235988e+00 7.073600e-02
4424 5.759587e+00 6.863100e-02
4424 6.283185e+00 6.301000e-02
14608 0.000000e+00 3.222550e-01
14608 5.235988e-01 3.112510e-01
14608 1.047198e+00 2.995390e-01
14608 1.570796e+00 3.007400e-01
14608 2.094395e+00 3.094360e-01
14608 2.617994e+00 2.988470e-01
14608 3.141593e+00 3.046540e-01
14608 3.665191e+00 3.056450e-01
14608 4.188790e+00 2.959660e-01
14608 4.712389e+00 2.971880e-01
14608 5.235988e+00 3.025080e-01
14608 5.759587e+00 3.025340e-01
14608 6.283185e+00 2.754900e-01
14608 0.000000e+00 3.212750e-01
14608 5.235988e-01 3.142230e-01
14608 1.047198e+00 2.965340e-01
14608 1.570796e+00 3.004920e-01
14608 2.094395e+00 3.053760e-01
14608 2.617994e+00 2.997340e-01
14608 3.141593e+00 3.045190e-01
14608 3.665191e+00 3.046500e-01
14608 4.188790e+00 2.997440e-01
14608 4.712389e+00 3.017240e-01
14608 5.235988e+00 3.026860e-01
14608 5.759587e+00 3.005540e-01
14608 6.283185e+00 2.753810e-01
14608 0.000000e+00 3.439070e-01
14608 5.235988e-01 3.096030e-01
14608 1.047198e+00 2.952560e-01
14608 1.570796e+00 3.032610e-01
14608 2.094395e+00 3.046410e-01
14608 2.617994e+00 3.034620e-01
14608 3.141593e+00 2.976970e-01
14608 3.665191e+00 3.087660e-01
14608 4.188790e+00 2.979300e-01
14608 4.712389e+00 2.971480e-01
14608 5.235988e+00 3.053530e-01
14608 5.759587e+00 2.985910e-01
14608 6.283185e+00 2.764600e-01
4424 0.000000e+00 8.141900e-02
4424 5.235988e-01 7.023600e-02
4424 1.047198e+00 6.597300e-02
4424 1.570796e+00 6.547000e-02
4424 2.094395e+00 7.054400e-02
4424 2.617994e+00 6.687000e-02
4424 3.141593e+00 6.995500e-02
4424 3.665191e+00 6.924700e-02
4424 4.188790e+00 6.789500e-02
4424 4.712389e+00 6.845100e-02
4424 5.235988e+00 7.072600e-02
4424 5.759587e+00 6.797300e-02
4424 6.283185e+00 5.997300e-02
1667 0.000000e+00 3.921200e-02
1667 5.235988e-01 2.590600e-02
1667 1.047198e+00 2.409000e-02
1667 1.570796e+00 2.232300e-02
1667 2.094395e+00 2.311300e-02
1667 2.617994e+00 2.336800e-02
1667 3.141593e+00 2.382800e-02
1667 3.665191e+00 2.231300e-02
1667 4.188790e+00 2.330000e-02
1667 4.712389e+00 2.229600e-02
1667 5.235988e+00 2.193300e-02
1667 5.759587e+00 2.253600e-02
1667 6.283185e+00 2.003500e-02
838 0.000000e+00 3.180300e-02
838 5.235988e-01 1.154600e-02
838 1.047198e+00 1.099400e-02
838 1.570796e+00 1.151100e-02
838 2.094395e+00 1.024500e-02
838 2.617994e+00 1.030500e-02
838 3.141593e+00 1.027600e-02
838 3.665191e+00 9.676000e-03
838 4.188790e+00 1.140700e-02
838 4.712389e+00 1.018400e-02
838 5.235988e+00 9.358000e-03
838 5.759587e+00 1.022100e-02
838 6.283185e+00 9.835000e-03
400 0.000000e+00 5.990000e-03
400 5.235988e-01 4.081000e-03
400 1.047198e+00 4.001000e-03
400 1.570796e+00 3.982000e-03
400 2.094395e+00 3.967000e-03
400 2.617994e+00 4.003000e-03
400 3.141593e+00 3.814000e-03
400 3.665191e+00 4.679000e-03
400 4.188790e+00 3.674000e-03
400 4.712389e+00 3.703000e-03
400 5.235988e+00 3.707000e-03
400 5.759587e+00 3.583000e-03
400 6.283185e+00 3.516000e-03
14608 0.000000e+00 3.291620e-01
14608 7.853982e-01 3.104680e-01
14608 1.308997e+00 2.994390e-01
14608 1.832596e+00 3.074070e-01
14608 2.356194e+00 2.971030e-01
14608 2.879793e+00 3.078540e-01
14608 3.403392e+00 2.978430e-01
14608 3.926991e+00 3.131200e-01
14608 4.450590e+00 3.048660e-01
14608 4.974188e+00 4.074320e-01
14608 5.497787e+00 3.240450e-01
14608 6.021386e+00 4.291640e-01
14608 0.000000e+00 4.556720e-01
14608 7.853982e-01 3.535330e-01
14608 1.308997e+00 3.606480e-01
14608 1.832596e+00 4.037990e-01
14608 2.356194e+00 3.040590e-01
14608 2.879793e+00 3.121930e-01
14608 3.403392e+00 3.117390e-01
14608 3.926991e+00 3.277390e-01
14608 4.450590e+00 3.880170e-01
14608 4.974188e+00 3.105820e-01
14608 5.497787e+00 4.436750e-01
14608 6.021386e+00 3.231910e-01
14608 0.000000e+00 3.353600e-01
14608 7.853982e-01 3.097390e-01
14608 1.308997e+00 2.973220e-01
14608 1.832596e+00 3.353570e-01
14608 2.356194e+00 3.591830e-01
14608 2.879793e+00 3.614910e-01
14608 3.403392e+00 2.967500e-01
14608 3.926991e+00 3.080420e-01
14608 4.450590e+00 3.047360e-01
14608 4.974188e+00 2.980670e-01
14608 5.497787e+00 3.048900e-01
14608 6.021386e+00 2.986340e-01
14608 0.000000e+00 3.292940e-01
14608 7.853982e-01 3.112940e-01
14608 1.308997e+00 3.028620e-01
14608 1.832596e+00 3.057290e-01
14608 2.356194e+00 3.000590e-01
14608 2.879793e+00 2.997960e-01
14608 3.403392e+00 3.057430e-01
14608 3.926991e+00 3.009990e-01
14608 4.450590e+00 3.000370e-01
14608 4.974188e+00 3.030670e-01
14608 5.497787e+00 3.041210e-01
14608 6.021386e+00 3.053940e-01
14608 0.000000e+00 3.219990e-01
14608 7.853982e-01 3.140910e-01
14608 1.308997e+00 2.989860e-01
14608 1.832596e+00 3.102020e-01
14608 2.356194e+00 3.021730e-01
14608 2.879793e+00 3.010880e-01
14608 3.403392e+00 3.004070e-01
14608 3.926991e+00 3.108850e-01
14608 4.450590e+00 3.034550e-01
14608 4.974188e+00 3.098300e-01
14608 5.497787e+00 3.028720e-01
14608 6.021386e+00 3.101870e-01
14608 0.000000e+00 3.296240e-01
14608 7.853982e-01 3.123600e-01
14608 1.308997e+00 2.969880e-01
14608 1.832596e+00 3.106630e-01
14608 2.356194e+00 3.069210e-01
14608 2.879793e+00 3.007860e-01
14608 3.403392e+00 2.967240e-01
14608 3.926991e+00 3.029010e-01
14608 4.450590e+00 2.961880e-01
14608 4.974188e+00 2.989390e-01
14608 5.497787e+00 2.993150e-01
14608 6.021386e+00 3.012430e-01
14608 0.000000e+00 3.223870e-01
14608 7.853982e-01 3.084300e-01
14608 1.308997e+00 2.912790e-01
14608 1.832596e+00 3.040760e-01
14608 2.356194e+00 3.042700e-01
14608 2.879793e+00 2.988930e-01
14608 3.403392e+00 2.998800e-01
14608 3.926991e+00 3.052620e-01
14608 4.450590e+00 2.993050e-01
14608 4.974188e+00 3.076390e-01
14608 5.497787e+00 2.967000e-01
14608 6.021386e+00 3.073700e-01
4424 0.000000e+00 7.714400e-02
4424 7.853982e-01 6.931400e-02
4424 1.308997e+00 6.894300e-02
4424 1.832596e+00 7.185500e-02
4424 2.356194e+00 6.602700e-02
4424 2.879793e+00 6.677200e-02
4424 3.403392e+00 6.690200e-02
4424 3.926991e+00 7.065300e-02
4424 4.450590e+00 6.901500e-02
4424 4.974188e+00 7.115000e-02
4424 5.497787e+00 7.068200e-02
4424 6.021386e+00 6.955000e-02
4424 0.000000e+00 7.146100e-02
4424 7.853982e-01 6.917900e-02
4424 1.308997e+00 7.162900e-02
4424 1.832596e+00 7.052800e-02
4424 2.356194e+00 7.015000e-02
4424 2.879793e+00 6.687400e-02
4424 3.403392e+00 6.763600e-02
4424 3.926991e+00 6.781900e-02
4424 4.450590e+00 6.732400e-02
4424 4.974188e+00 7.297000e-02
4424 5.497787e+00 7.070500e-02
4424 6.021386e+00 7.203800e-02
4424 0.000000e+00 7.210400e-02
4424 7.853982e-01 6.691400e-02
4424 1.308997e+00 6.591700e-02
4424 1.832596e+00 6.718900e-02
4424 2.356194e+00 6.807700e-02
4424 2.879793e+00 6.750700e-02
4424 3.403392e+00 7.170700e-02
4424 3.926991e+00 6.922800e-02
4424 4.450590e+00 6.763300e-02
4424 4.974188e+00 6.969700e-02
4424 5.497787e+00 7.406600e-02
4424 6.021386e+00 7.954200e-02
4424 0.000000e+00 7.441500e-02
4424 7.853982e-01 6.928700e-02
4424 1.308997e+00 6.757400e-02
4424 1.832596e+00 6.901300e-02
4424 2.356194e+00 6.664200e-02
4424 2.879793e+00 6.686600e-02
4424 3.403392e+00 6.928100e-02
4424 3.926991e+00 6.855900e-02
4424 4.450590e+00 7.121700e-02
4424 4.974188e+00 7.019100e-02
4424 5.497787e+00 7.127600e-02
4424 6.021386e+00 7.383700e-02
4424 0.000000e+00 7.385200e-02
4424 7.853982e-01 6.941100e-02
4424 1.308997e+00 6.982000e-02
4424 1.832596e+00 6.884600e-02
4424 2.356194e+00 7.100900e-02
4424 2.879793e+00 6.739000e-02
4424 3.403392e+00 6.823200e-02
4424 3.926991e+00 6.753900e-02
4424 4.450590e+00 6.797200e-02
4424 4.974188e+00 6.749100e-02
4424 5.497787e+00 6.921300e-02
4424 6.021386e+00 7.062900e-02
4424 0.000000e+00 7.336600e-02
4424 7.853982e-01 6.777800e-02
4424 1.308997e+00 6.884100e-02
4424 1.832596e+00 6.800500e-02
4424 2.356194e+00 6.943500e-02
4424 2.879793e+00 6.712400e-02
4424 3.403392e+00 6.984900e-02
4424 3.926991e+00 7.039200e-02
4424 4.450590e+00 6.709800e-02
4424 4.974188e+00 6.950200e-02
4424 5.497787e+00 7.221500e-02
4424 6.021386e+00 7.008700e-02
4424 0.000000e+00 7.148600e-02
4424 7.853982e-01 6.851200e-02
4424 1.308997e+00 6.613000e-02
4424 1.832596e+00 6.866900e-02
4424 2.356194e+00 6.560900e-02
4424 2.879793e+00 6.803500e-02
4424 3.403392e+00 6.936500e-02
4424 3.926991e+00 7.073400e-02
4424 4.450590e+00 6.875900e-02
4424 4.974188e+00 7.424500e-02
4424 5.497787e+00 7.813300e-02
4424 6.021386e+00 1.479100e-01
1667 0.000000e+00 2.699100e-02
1667 7.853982e-01 2.439000e-02
1667 1.308997e+00 2.300400e-02
1667 1.832596e+00 2.342500e-02
1667 2.356194e+00 2.353700e-02
1667 2.879793e+00 2.172900e-02
1667 3.403392e+00 2.213700e-02
1667 3.926991e+00 2.255000e-02
1667 4.450590e+00 2.291800e-02
1667 4.974188e+00 2.165700e-02
1667 5.497787e+00 2.369200e-02
1667 6.021386e+00 2.252900e-02
1667 0.000000e+00 2.278100e-02
1667 7.853982e-01 2.243600e-02
1667 1.308997e+00 2.227300e-02
1667 1.832596e+00 2.206100e-02
1667 2.356194e+00 2.210000e-02
1667 2.879793e+00 2.142300e-02
1667 3.403392e+00 2.793800e-02
1667 3.926991e+00 2.394200e-02
1667 4.450590e+00 2.279600e-02
1667 4.974188e+00 2.310100e-02
1667 5.497787e+00 2.189800e-02
1667 6.021386e+00 2.278900e-02
1667 0.000000e+00 2.287600e-02
1667 7.853982e-01 2.176400e-02
1667 1.308997e+00 2.204600e-02
1667 1.832596e+00 2.351900e-02
1667 2.356194e+00 2.228700e-02
1667 2.879793e+00 2.086400e-02
1667 3.403392e+00 2.271500e-02
1667 3.926991e+00 2.245800e-02
1667 4.450590e+00 2.162200e-02
1667 4.974188e+00 2.122700e-02
1667 5.497787e+00 2.416000e-02
1667 6.021386e+00 2.389400e-02
1667 0.000000e+00 2.348500e-02
1667 7.853982e-01 2.114400e-02
1667 1.308997e+00 2.161300e-02
1667 1.832596e+00 2.322400e-02
1667 2.356194e+00 2.315800e-02
1667 2.879793e+00 2.223300e-02
1667 3.403392e+00 2.277900e-02
1667 3.926991e+00 2.259100e-02
1667 4.450590e+00 2.212800e-02
1667 4.974188e+00 2.326700e-02
1667 5.497787e+00 2.418000e-02
1667 6.021386e+00 2.340800e-02
1667 0.000000e+00 2.304000e-02
1667 7.853982e-01 2.121000e-02
1667 1.308997e+00 2.167200e-02
1667 1.832596e+00 2.254600e-02
1667 2.356194e+00 2.166500e-02
1667 2.879793e+00 2.187800e-02
1667 3.403392e+00 2.444500e-02
1667 3.926991e+00 2.252000e-02
1667 4.450590e+00 2.192600e-02
1667 4.974188e+00 2.239800e-02
1667 5.497787e+00 2.272200e-02
1667 6.021386e+00 2.251800e-02
1667 0.000000e+00 2.106300e-02
1667 7.853982e-01 2.347700e-02
1667 1.308997e+00 5.301900e-02
1667 1.832596e+00 2.510900e-02
1667 2.356194e+00 2.453000e-02
1667 2.879793e+00 2.313300e-02
1667 3.403392e+00 2.264600e-02
1667 3.926991e+00 2.288200e-02
1667 4.450590e+00 2.306200e-02
1667 4.974188e+00 2.162000e-02
1667 5.497787e+00 2.096500e-02
1667 6.021386e+00 2.377200e-02
1667 0.000000e+00 2.343800e-02
1667 7.853982e-01 2.267900e-02
1667 1.308997e+00 2.071000e-02
1667 1.832596e+00 2.206800e-02
1667 2.356194e+00 2.245300e-02
1667 2.879793e+00 2.383600e-02
1667 3.403392e+00 2.229600e-02
1667 3.926991e+00 2.367300e-02
1667 4.450590e+00 2.260400e-02
1667 4.974188e+00 2.423700e-02
1667 5.497787e+00 2.301700e-02
1667 6.021386e+00 2.317600e-02
838 0.000000e+00 1.406700e-02
838 7.853982e-01 1.137300e-02
838 1.308997e+00 1.232900e-02
838 1.832596e+00 1.125900e-02
838 2.356194e+00 1.041900e-02
838 2.879793e+00 1.034100e-02
838 3.403392e+00 9.554000e-03
838 3.926991e+00 1.142400e-02
838 4.450590e+00 1.001800e-02
838 4.974188e+00 1.227200e-02
838 5.497787e+00 1.130000e-02
838 6.021386e+00 9.872000e-03
838 0.000000e+00 1.115100e-02
838 7.853982e-01 1.124200e-02
838 1.308997e+00 9.901000e-03
838 1.832596e+00 9.932000e-03
838 2.356194e+00 1.083200e-02
838 2.879793e+00 9.692000e-03
838 3.403392e+00 9.856000e-03
838 3.926991e+00 1.105400e-02
838 4.450590e+00 9.459000e-03
838 4.974188e+00 9.698000e-03
838 5.497787e+00 1.022800e-02
838 6.021386e+00 9.201000e-03
838 0.000000e+00 1.242400e-02
838 7.853982e-01 9.579000e-03
838 1.308997e+00 9.861000e-03
838 1.832596e+00 1.138400e-02
838 2.356194e+00 9.529000e-03
838 2.879793e+00 9.674000e-03
838 3.403392e+00 1.043200e-02
838 3.926991e+00 1.037200e-02
838 4.450590e+00 1.080000e-02
838 4.974188e+00 1.027100e-02
838 5.497787e+00 1.004700e-02
838 6.021386e+00 9.259000e-03
838 0.000000e+00 1.165700e-02
838 7.853982e-01 9.977000e-03
838 1.308997e+00 9.841000e-03
838 1.832596e+00 1.165600e-02
838 2.356194e+00 9.987000e-03
838 2.879793e+00 9.979000e-03
838 3.403392e+00 1.169300e-02
838 3.926991e+00 9.603000e-03
838 4.450590e+00 9.542000e-03
838 4.974188e+00 1.118900e-02
838 5.497787e+00 9.145000e-03
838 6.021386e+00 8.855000e-03
838 0.000000e+00 1.154500e-02
838 7.853982e-01 9.028000e-03
838 1.308997e+00 1.010100e-02
838 1.832596e+00 1.246900e-02
838 2.356194e+00 9.475000e-03
838 2.879793e+00 9.331000e-03
838 3.403392e+00 1.094100e-02
838 3.926991e+00 9.501000e-03
838 4.450590e+00 9.656000e-03
838 4.974188e+00 1.123600e-02
838 5.497787e+00 9.646000e-03
838 6.021386e+00 9.614000e-03
838 0.000000e+00 1.162400e-02
838 7.853982e-01 9.475000e-03
838 1.308997e+00 1.047300e-02
838 1.832596e+00 1.096300e-02
838 2.356194e+00 9.155000e-03
838 2.879793e+00 9.645000e-03
838 3.403392e+00 1.056900e-02
838 3.926991e+00 9.305000e-03
838 4.450590e+00 9.722000e-03
838 4.974188e+00 1.095900e-02
838 5.497787e+00 9.486000e-03
838 6.021386e+00 1.014300e-02
838 0.000000e+00 1.144300e-02
838 7.853982e-01 9.431000e-03
838 1.308997e+00 9.991000e-03
838 1.832596e+00 1.090800e-02
838 2.356194e+00 9.078000e-03
838 2.879793e+00 9.458000e-03
838 3.403392e+00 1.057200e-02
838 3.926991e+00 9.443000e-03
838 4.450590e+00 1.010400e-02
838 4.974188e+00 1.041100e-02
838 5.497787e+00 9.702000e-03
838 6.021386e+00 9.277000e-03
400 0.000000e+00 6.694000e-03
400 7.853982e-01 5.030000e-03
400 1.308997e+00 4.590000e-03
400 1.832596e+00 4.448000e-03
400 2.356194e+00 4.370000e-03
400 2.879793e+00 4.984000e-03
400 3.403392e+00 4.661000e-03
400 3.926991e+00 4.182000e-03
400 4.450590e+00 4.160000e-03
400 4.974188e+00 4.131000e-03
400 5.497787e+00 4.004000e-03
400 6.021386e+00 3.881000e-03
400 0.000000e+00 5.181000e-03
400 7.853982e-01 3.985000e-03
400 1.308997e+00 3.842000e-03
400 1.832596e+00 3.705000e-03
400 2.356194e+00 3.618000e-03
400 2.879793e+00 3.625000e-03
400 3.403392e+00 3.886000e-03
400 3.926991e+00 4.786000e-03
400 4.450590e+00 4.466000e-03
400 4.974188e+00 3.631000e-03
400 5.497787e+00 3.714000e-03
400 6.021386e+00 3.628000e-03
400 0.000000e+00 4.213000e-03
400 7.853982e-01 3.831000e-03
400 1.308997e+00 3.921000e-03
400 1.832596e+00 4.397000e-03
400 2.356194e+00 3.561000e-03
400 2.879793e+00 3.561000e-03
400 3.403392e+00 3.711000e-03
400 3.926991e+00 3.550000e-03
400 4.450590e+00 3.415000e-03
400 4.974188e+00 3.640000e-03
400 5.497787e+00 3.591000e-03
400 6.021386e+00 4.017000e-03
400 0.000000e+00 4.362000e-03
400 7.853982e-01 3.580000e-03
400 1.308997e+00 3.610000e-03
400 1.832596e+00 3.528000e-03
400 2.356194e+00 3.564000e-03
400 2.879793e+00 3.852000e-03
400 3.403392e+00 3.927000e-03
400 3.926991e+00 3.745000e-03
400 4.450590e+00 4.074000e-03
400 4.974188e+00 4.193000e-03
400 5.497787e+00 3.648000e-03
400 6.021386e+00 3.763000e-03
400 0.000000e+00 4.474000e-03
400 7.853982e-01 4.306000e-03
400 1.308997e+00 4.304000e-03
400 1.832596e+00 3.568000e-03
400 2.356194e+00 3.581000e-03
400 2.879793e+00 3.663000e-03
400 3.403392e+00 3.520000e-03
400 3.926991e+00 3.392000e-03
400 4.450590e+00 3.646000e-03
400 4.974188e+00 3.956000e-03
400 5.497787e+00 4.431000e-03
400 6.021386e+00 3.746000e-03
400 0.000000e+00 4.658000e-03
400 7.853982e-01 3.694000e-03
400 1.308997e+00 3.535000e-03
400 1.832596e+00 3.643000e-03
400 2.356194e+00 4.168000e-03
400 2.879793e+00 5.093000e-03
400 3.403392e+00 3.618000e-03
400 3.926991e+00 3.640000e-03
400 4.450590e+00 3.580000e-03
400 4.974188e+00 3.823000e-03
400 5.497787e+00 3.614000e-03
400 6.021386e+00 3.888000e-03
400 0.000000e+00 5.240000e-03
400 7.853982e-01 3.751000e-03
400 1.308997e+00 3.551000e-03
400 1.832596e+00 3.641000e-03
400 2.356194e+00 3.592000e-03
400 2.879793e+00 3.621000e-03
400 3.403392e+00 3.586000e-03
400 3.926991e+00 3.647000e-03
400 4.450590e+00 4.630000e-03
400 4.974188e+00 3.813000e-03
400 5.497787e+00 3.630000e-03
400 6.021386e+00 3.717000e-03
