14608 5.235988e-02 2.859120e-01
14608 1.047198e-01 2.808040e-01
14608 1.570796e-01 2.816770e-01
14608 2.094395e-01 2.840560e-01
14608 2.617994e-01 2.757000e-01
14608 3.141593e-01 2.812840e-01
14608 3.665191e-01 2.879760e-01
14608 4.188790e-01 2.877080e-01
14608 4.712389e-01 2.897310e-01
14608 5.235988e-01 2.945480e-01
14608 5.235988e-02 2.897400e-01
14608 1.047198e-01 2.849300e-01
14608 1.570796e-01 2.953420e-01
14608 2.094395e-01 2.818340e-01
14608 2.617994e-01 2.832320e-01
14608 3.141593e-01 2.791520e-01
14608 3.665191e-01 2.933710e-01
14608 4.188790e-01 2.842880e-01
14608 4.712389e-01 2.925050e-01
14608 5.235988e-01 2.928570e-01
14608 5.235988e-02 2.865460e-01
14608 1.047198e-01 2.876650e-01
14608 1.570796e-01 2.812440e-01
14608 2.094395e-01 2.834440e-01
14608 2.617994e-01 2.766460e-01
14608 3.141593e-01 2.847960e-01
14608 3.665191e-01 2.825470e-01
14608 4.188790e-01 2.881060e-01
14608 4.712389e-01 2.933340e-01
14608 5.235988e-01 2.976110e-01
14608 5.235988e-02 3.015430e-01
14608 1.047198e-01 2.852350e-01
14608 1.570796e-01 2.875460e-01
14608 2.094395e-01 2.808850e-01
14608 2.617994e-01 2.819200e-01
14608 3.141593e-01 2.844350e-01
14608 3.665191e-01 2.826160e-01
14608 4.188790e-01 2.869650e-01
14608 4.712389e-01 2.909860e-01
14608 5.235988e-01 2.963760e-01
14608 5.235988e-02 2.910980e-01
14608 1.047198e-01 2.851250e-01
14608 1.570796e-01 2.875460e-01
14608 2.094395e-01 2.829750e-01
14608 2.617994e-01 2.812310e-01
14608 3.141593e-01 2.780970e-01
14608 3.665191e-01 2.867060e-01
14608 4.188790e-01 2.844400e-01
14608 4.712389e-01 2.934380e-01
14608 5.235988e-01 2.918510e-01
14608 5.235988e-02 2.897320e-01
14608 1.047198e-01 2.874200e-01
14608 1.570796e-01 2.828850e-01
14608 2.094395e-01 2.818080e-01
14608 2.617994e-01 2.759690e-01
14608 3.141593e-01 2.815510e-01
14608 3.665191e-01 2.854280e-01
14608 4.188790e-01 2.886330e-01
14608 4.712389e-01 2.886160e-01
14608 5.235988e-01 2.947560e-01
4424 5.235988e-02 6.440100e-02
4424 1.047198e-01 6.259400e-02
4424 1.570796e-01 6.299200e-02
4424 2.094395e-01 6.221300e-02
4424 2.617994e-01 6.350700e-02
4424 3.141593e-01 6.482000e-02
4424 3.665191e-01 6.288400e-02
4424 4.188790e-01 6.651100e-02
4424 4.712389e-01 6.927100e-02
4424 5.235988e-01 6.562400e-02
4424 5.235988e-02 6.383400e-02
4424 1.047198e-01 6.312100e-02
4424 1.570796e-01 6.468000e-02
4424 2.094395e-01 6.442800e-02
4424 2.617994e-01 6.364600e-02
4424 3.141593e-01 6.994300e-02
4424 3.665191e-01 6.319700e-02
4424 4.188790e-01 6.612200e-02
4424 4.712389e-01 6.697200e-02
4424 5.235988e-01 6.689300e-02
4424 5.235988e-02 6.660500e-02
4424 1.047198e-01 6.730900e-02
4424 1.570796e-01 6.516800e-02
4424 2.094395e-01 6.582700e-02
4424 2.617994e-01 6.457100e-02
4424 3.141593e-01 6.433100e-02
4424 3.665191e-01 6.285900e-02
4424 4.188790e-01 6.413600e-02
4424 4.712389e-01 6.547100e-02
4424 5.235988e-01 6.499300e-02
4424 5.235988e-02 6.432600e-02
4424 1.047198e-01 6.492600e-02
4424 1.570796e-01 6.391300e-02
4424 2.094395e-01 6.412600e-02
4424 2.617994e-01 6.253000e-02
4424 3.141593e-01 6.518500e-02
4424 3.665191e-01 6.408800e-02
4424 4.188790e-01 6.392700e-02
4424 4.712389e-01 6.421600e-02
4424 5.235988e-01 6.615800e-02
4424 5.235988e-02 6.304800e-02
4424 1.047198e-01 6.269700e-02
4424 1.570796e-01 6.263000e-02
4424 2.094395e-01 6.382300e-02
4424 2.617994e-01 6.313100e-02
4424 3.141593e-01 6.471000e-02
4424 3.665191e-01 6.400800e-02
4424 4.188790e-01 6.499200e-02
4424 4.712389e-01 6.517300e-02
4424 5.235988e-01 6.481500e-02
4424 5.235988e-02 6.718100e-02
4424 1.047198e-01 6.378900e-02
4424 1.570796e-01 6.537400e-02
4424 2.094395e-01 6.525700e-02
4424 2.617994e-01 6.415400e-02
4424 3.141593e-01 6.443600e-02
4424 3.665191e-01 6.473200e-02
4424 4.188790e-01 6.291600e-02
4424 4.712389e-01 6.494400e-02
4424 5.235988e-01 6.500200e-02
1667 5.235988e-02 2.168100e-02
1667 1.047198e-01 2.146400e-02
1667 1.570796e-01 1.951200e-02
1667 2.094395e-01 2.048200e-02
1667 2.617994e-01 2.029900e-02
1667 3.141593e-01 1.921400e-02
1667 3.665191e-01 2.097300e-02
1667 4.188790e-01 2.048900e-02
1667 4.712389e-01 2.050200e-02
1667 5.235988e-01 2.164900e-02
1667 5.235988e-02 1.900900e-02
1667 1.047198e-01 2.001600e-02
1667 1.570796e-01 2.046600e-02
1667 2.094395e-01 1.920400e-02
1667 2.617994e-01 2.131800e-02
1667 3.141593e-01 2.096300e-02
1667 3.665191e-01 1.975600e-02
1667 4.188790e-01 2.086600e-02
1667 4.712389e-01 2.090700e-02
1667 5.235988e-01 2.032700e-02
1667 5.235988e-02 2.083400e-02
1667 1.047198e-01 1.997300e-02
1667 1.570796e-01 1.885900e-02
1667 2.094395e-01 2.030200e-02
1667 2.617994e-01 2.003300e-02
1667 3.141593e-01 2.161500e-02
1667 3.665191e-01 2.086900e-02
1667 4.188790e-01 2.048200e-02
1667 4.712389e-01 2.053900e-02
1667 5.235988e-01 2.185600e-02
1667 5.235988e-02 1.921900e-02
1667 1.047198e-01 2.198200e-02
1667 1.570796e-01 2.025300e-02
1667 2.094395e-01 1.983000e-02
1667 2.617994e-01 2.151400e-02
1667 3.141593e-01 2.051000e-02
1667 3.665191e-01 1.971600e-02
1667 4.188790e-01 2.074000e-02
1667 4.712389e-01 2.117600e-02
1667 5.235988e-01 2.064400e-02
1667 5.235988e-02 2.092700e-02
1667 1.047198e-01 2.037100e-02
1667 1.570796e-01 1.886400e-02
1667 2.094395e-01 2.067400e-02
1667 2.617994e-01 2.094300e-02
1667 3.141593e-01 1.972200e-02
1667 3.665191e-01 2.092800e-02
1667 4.188790e-01 2.049600e-02
1667 4.712389e-01 2.055100e-02
1667 5.235988e-01 2.144500e-02
1667 5.235988e-02 1.856100e-02
1667 1.047198e-01 2.016900e-02
1667 1.570796e-01 2.021000e-02
1667 2.094395e-01 1.930200e-02
1667 2.617994e-01 2.205600e-02
1667 3.141593e-01 2.118900e-02
1667 3.665191e-01 1.983900e-02
1667 4.188790e-01 2.126000e-02
1667 4.712389e-01 2.087700e-02
1667 5.235988e-01 2.166900e-02
838 5.235988e-02 1.160500e-02
838 1.047198e-01 1.147500e-02
838 1.570796e-01 1.154100e-02
838 2.094395e-01 1.108800e-02
838 2.617994e-01 1.007000e-02
838 3.141593e-01 9.265000e-03
838 3.665191e-01 1.092700e-02
838 4.188790e-01 9.484000e-03
838 4.712389e-01 9.381000e-03
838 5.235988e-01 1.010300e-02
838 5.235988e-02 8.922000e-03
838 1.047198e-01 1.033100e-02
838 1.570796e-01 9.644000e-03
838 2.094395e-01 9.037000e-03
838 2.617994e-01 9.513000e-03
838 3.141593e-01 9.475000e-03
838 3.665191e-01 8.979000e-03
838 4.188790e-01 9.783000e-03
838 4.712389e-01 9.816000e-03
838 5.235988e-01 9.194000e-03
838 5.235988e-02 9.249000e-03
838 1.047198e-01 9.641000e-03
838 1.570796e-01 1.102300e-02
838 2.094395e-01 9.261000e-03
838 2.617994e-01 8.912000e-03
838 3.141593e-01 9.273000e-03
838 3.665191e-01 1.030400e-02
838 4.188790e-01 8.778000e-03
838 4.712389e-01 9.227000e-03
838 5.235988e-01 1.139100e-02
838 5.235988e-02 9.117000e-03
838 1.047198e-01 1.028200e-02
838 1.570796e-01 9.725000e-03
838 2.094395e-01 8.867000e-03
838 2.617994e-01 1.037800e-02
838 3.141593e-01 8.724000e-03
838 3.665191e-01 8.975000e-03
838 4.188790e-01 9.498000e-03
838 4.712389e-01 9.832000e-03
838 5.235988e-01 9.454000e-03
838 5.235988e-02 9.393000e-03
838 1.047198e-01 9.059000e-03
838 1.570796e-01 1.135600e-02
838 2.094395e-01 9.106000e-03
838 2.617994e-01 8.867000e-03
838 3.141593e-01 1.051600e-02
838 3.665191e-01 9.175000e-03
838 4.188790e-01 8.712000e-03
838 4.712389e-01 9.940000e-03
838 5.235988e-01 1.076600e-02
838 5.235988e-02 1.024000e-02
838 1.047198e-01 9.106000e-03
838 1.570796e-01 9.425000e-03
838 2.094395e-01 9.589000e-03
838 2.617994e-01 9.744000e-03
838 3.141593e-01 8.990000e-03
838 3.665191e-01 9.411000e-03
838 4.188790e-01 1.023400e-02
838 4.712389e-01 9.175000e-03
838 5.235988e-01 9.891000e-03
400 5.235988e-02 5.003000e-03
400 1.047198e-01 4.692000e-03
400 1.570796e-01 4.424000e-03
400 2.094395e-01 4.303000e-03
400 2.617994e-01 4.922000e-03
400 3.141593e-01 4.644000e-03
400 3.665191e-01 4.132000e-03
400 4.188790e-01 4.190000e-03
400 4.712389e-01 4.052000e-03
400 5.235988e-01 3.964000e-03
400 5.235988e-02 4.426000e-03
400 1.047198e-01 3.969000e-03
400 1.570796e-01 3.950000e-03
400 2.094395e-01 3.884000e-03
400 2.617994e-01 3.857000e-03
400 3.141593e-01 3.947000e-03
400 3.665191e-01 4.708000e-03
400 4.188790e-01 4.326000e-03
400 4.712389e-01 3.852000e-03
400 5.235988e-01 3.643000e-03
400 5.235988e-02 3.487000e-03
400 1.047198e-01 3.568000e-03
400 1.570796e-01 3.828000e-03
400 2.094395e-01 4.208000e-03
400 2.617994e-01 4.039000e-03
400 3.141593e-01 3.524000e-03
400 3.665191e-01 3.545000e-03
400 4.188790e-01 3.481000e-03
400 4.712389e-01 3.365000e-03
400 5.235988e-01 3.369000e-03
400 5.235988e-02 4.330000e-03
400 1.047198e-01 3.968000e-03
400 1.570796e-01 3.713000e-03
400 2.094395e-01 3.498000e-03
400 2.617994e-01 3.667000e-03
400 3.141593e-01 3.645000e-03
400 3.665191e-01 3.512000e-03
400 4.188790e-01 3.745000e-03
400 4.712389e-01 3.725000e-03
400 5.235988e-01 4.248000e-03
400 5.235988e-02 3.486000e-03
400 1.047198e-01 3.631000e-03
400 1.570796e-01 3.504000e-03
400 2.094395e-01 3.428000e-03
400 2.617994e-01 3.569000e-03
400 3.141593e-01 3.809000e-03
400 3.665191e-01 3.510000e-03
400 4.188790e-01 4.116000e-03
400 4.712389e-01 3.525000e-03
400 5.235988e-01 3.390000e-03
400 5.235988e-02 3.258000e-03
400 1.047198e-01 3.570000e-03
400 1.570796e-01 3.721000e-03
400 2.094395e-01 3.329000e-03
400 2.617994e-01 3.677000e-03
400 3.141593e-01 3.593000e-03
400 3.665191e-01 3.317000e-03
400 4.188790e-01 3.329000e-03
400 4.712389e-01 3.461000e-03
400 5.235988e-01 3.395000e-03
