400 5.235988e-02 4.710000e-03
400 1.047198e-01 4.533000e-03
400 1.570796e-01 4.684000e-03
400 2.094395e-01 4.474000e-03
400 2.617994e-01 4.595000e-03
400 3.141593e-01 5.422000e-03
400 3.665191e-01 4.600000e-03
400 4.188790e-01 4.265000e-03
400 4.712389e-01 4.333000e-03
400 5.235988e-01 4.189000e-03
400 5.235988e-02 4.609000e-03
400 1.047198e-01 4.289000e-03
400 1.570796e-01 3.975000e-03
400 2.094395e-01 3.783000e-03
400 2.617994e-01 3.743000e-03
400 3.141593e-01 3.507000e-03
400 3.665191e-01 3.995000e-03
400 4.188790e-01 3.854000e-03
400 4.712389e-01 4.492000e-03
400 5.235988e-01 3.941000e-03
400 5.235988e-02 3.837000e-03
400 1.047198e-01 3.782000e-03
400 1.570796e-01 3.877000e-03
400 2.094395e-01 3.714000e-03
400 2.617994e-01 4.062000e-03
400 3.141593e-01 3.492000e-03
400 3.665191e-01 4.373000e-03
400 4.188790e-01 3.773000e-03
400 4.712389e-01 3.811000e-03
400 5.235988e-01 3.867000e-03
400 5.235988e-02 5.050000e-03
400 1.047198e-01 4.036000e-03
400 1.570796e-01 4.109000e-03
400 2.094395e-01 3.806000e-03
400 2.617994e-01 3.730000e-03
400 3.141593e-01 3.500000e-03
400 3.665191e-01 4.133000e-03
400 4.188790e-01 4.185000e-03
400 4.712389e-01 3.889000e-03
400 5.235988e-01 3.818000e-03
400 5.235988e-02 3.890000e-03
400 1.047198e-01 3.795000e-03
400 1.570796e-01 4.297000e-03
400 2.094395e-01 4.438000e-03
400 2.617994e-01 4.306000e-03
400 3.141593e-01 3.635000e-03
400 3.665191e-01 4.000000e-03
400 4.188790e-01 3.886000e-03
400 4.712389e-01 3.826000e-03
400 5.235988e-01 3.791000e-03
838 5.235988e-02 1.010400e-02
838 1.047198e-01 1.067300e-02
838 1.570796e-01 1.044200e-02
838 2.094395e-01 9.741000e-03
838 2.617994e-01 1.013800e-02
838 3.141593e-01 1.060400e-02
838 3.665191e-01 1.004600e-02
838 4.188790e-01 1.094500e-02
838 4.712389e-01 1.148200e-02
838 5.235988e-01 1.058700e-02
838 5.235988e-02 1.026400e-02
838 1.047198e-01 1.135100e-02
838 1.570796e-01 1.025900e-02
838 2.094395e-01 9.394000e-03
838 2.617994e-01 1.033800e-02
838 3.141593e-01 1.116000e-02
838 3.665191e-01 9.858000e-03
838 4.188790e-01 1.155000e-02
838 4.712389e-01 1.224800e-02
838 5.235988e-01 1.057300e-02
838 5.235988e-02 1.099400e-02
838 1.047198e-01 1.153800e-02
838 1.570796e-01 1.161600e-02
838 2.094395e-01 1.109500e-02
838 2.617994e-01 1.173600e-02
838 3.141593e-01 1.175600e-02
838 3.665191e-01 1.128200e-02
838 4.188790e-01 1.357100e-02
838 4.712389e-01 1.138500e-02
838 5.235988e-01 1.085600e-02
838 5.235988e-02 1.060700e-02
838 1.047198e-01 1.168400e-02
838 1.570796e-01 8.899000e-03
838 2.094395e-01 9.234000e-03
838 2.617994e-01 1.086800e-02
838 3.141593e-01 9.634000e-03
838 3.665191e-01 9.794000e-03
838 4.188790e-01 1.217400e-02
838 4.712389e-01 1.063600e-02
838 5.235988e-01 1.058700e-02
838 5.235988e-02 9.975000e-03
838 1.047198e-01 1.143500e-02
838 1.570796e-01 8.822000e-03
838 2.094395e-01 9.297000e-03
838 2.617994e-01 1.004700e-02
838 3.141593e-01 1.011100e-02
838 3.665191e-01 9.846000e-03
838 4.188790e-01 1.111000e-02
838 4.712389e-01 1.106000e-02
838 5.235988e-01 1.064000e-02
1667 5.235988e-02 2.097500e-02
1667 1.047198e-01 2.028400e-02
1667 1.570796e-01 1.998600e-02
1667 2.094395e-01 2.087700e-02
1667 2.617994e-01 1.918600e-02
1667 3.141593e-01 2.124700e-02
1667 3.665191e-01 2.163800e-02
1667 4.188790e-01 2.176800e-02
1667 4.712389e-01 2.223900e-02
1667 5.235988e-01 2.149300e-02
1667 5.235988e-02 2.106100e-02
1667 1.047198e-01 1.948400e-02
1667 1.570796e-01 2.037200e-02
1667 2.094395e-01 2.058500e-02
1667 2.617994e-01 2.006900e-02
1667 3.141593e-01 2.167500e-02
1667 3.665191e-01 2.092900e-02
1667 4.188790e-01 2.046500e-02
1667 4.712389e-01 2.248600e-02
1667 5.235988e-01 2.072300e-02
1667 5.235988e-02 1.930400e-02
1667 1.047198e-01 2.047800e-02
1667 1.570796e-01 1.978300e-02
1667 2.094395e-01 2.027100e-02
1667 2.617994e-01 2.086000e-02
1667 3.141593e-01 2.045700e-02
1667 3.665191e-01 2.161300e-02
1667 4.188790e-01 2.123000e-02
1667 4.712389e-01 2.012300e-02
1667 5.235988e-01 2.008700e-02
1667 5.235988e-02 2.012400e-02
1667 1.047198e-01 1.865200e-02
1667 1.570796e-01 2.041700e-02
1667 2.094395e-01 2.000800e-02
1667 2.617994e-01 1.971200e-02
1667 3.141593e-01 2.197800e-02
1667 3.665191e-01 2.060100e-02
1667 4.188790e-01 2.025400e-02
1667 4.712389e-01 2.053900e-02
1667 5.235988e-01 2.034300e-02
1667 5.235988e-02 2.023000e-02
1667 1.047198e-01 2.056100e-02
1667 1.570796e-01 1.955100e-02
1667 2.094395e-01 2.023600e-02
1667 2.617994e-01 2.134600e-02
1667 3.141593e-01 2.059200e-02
1667 3.665191e-01 2.013700e-02
1667 4.188790e-01 2.042500e-02
1667 4.712389e-01 1.998900e-02
1667 5.235988e-01 2.036500e-02
4424 5.235988e-02 7.369000e-02
4424 1.047198e-01 7.029400e-02
4424 1.570796e-01 6.767500e-02
4424 2.094395e-01 6.820900e-02
4424 2.617994e-01 6.961300e-02
4424 3.141593e-01 6.846300e-02
4424 3.665191e-01 6.855400e-02
4424 4.188790e-01 6.836800e-02
4424 4.712389e-01 6.753900e-02
4424 5.235988e-01 6.909800e-02
4424 5.235988e-02 7.312800e-02
4424 1.047198e-01 6.986400e-02
4424 1.570796e-01 6.719600e-02
4424 2.094395e-01 6.891700e-02
4424 2.617994e-01 6.716400e-02
4424 3.141593e-01 6.938200e-02
4424 3.665191e-01 6.783800e-02
4424 4.188790e-01 6.990000e-02
4424 4.712389e-01 7.017900e-02
4424 5.235988e-01 6.882200e-02
4424 5.235988e-02 7.304300e-02
4424 1.047198e-01 7.081000e-02
4424 1.570796e-01 6.879700e-02
4424 2.094395e-01 6.857700e-02
4424 2.617994e-01 6.859800e-02
4424 3.141593e-01 6.975700e-02
4424 3.665191e-01 6.777200e-02
4424 4.188790e-01 6.654200e-02
4424 4.712389e-01 6.860500e-02
4424 5.235988e-01 7.125600e-02
4424 5.235988e-02 7.530900e-02
4424 1.047198e-01 7.045600e-02
4424 1.570796e-01 6.747200e-02
4424 2.094395e-01 6.740300e-02
4424 2.617994e-01 6.851700e-02
4424 3.141593e-01 6.636800e-02
4424 3.665191e-01 6.868600e-02
4424 4.188790e-01 7.035000e-02
4424 4.712389e-01 6.915100e-02
4424 5.235988e-01 7.010200e-02
4424 5.235988e-02 7.236600e-02
4424 1.047198e-01 7.134500e-02
4424 1.570796e-01 7.012400e-02
4424 2.094395e-01 6.772300e-02
4424 2.617994e-01 6.961000e-02
4424 3.141593e-01 6.828000e-02
4424 3.665191e-01 6.817200e-02
4424 4.188790e-01 6.836400e-02
4424 4.712389e-01 6.721100e-02
4424 5.235988e-01 6.813300e-02
14608 5.235988e-02 3.463910e-01
14608 1.047198e-01 3.409470e-01
14608 1.570796e-01 3.551300e-01
14608 2.094395e-01 3.438400e-01
14608 2.617994e-01 3.355380e-01
14608 3.141593e-01 3.370250e-01
14608 3.665191e-01 4.828510e-01
14608 4.188790e-01 3.356130e-01
14608 4.712389e-01 3.606700e-01
14608 5.235988e-01 3.512770e-01
14608 5.235988e-02 3.646330e-01
14608 1.047198e-01 3.609200e-01
14608 1.570796e-01 3.455720e-01
14608 2.094395e-01 3.488250e-01
14608 2.617994e-01 3.322340e-01
14608 3.141593e-01 3.332640e-01
14608 3.665191e-01 3.463830e-01
14608 4.188790e-01 3.336140e-01
14608 4.712389e-01 3.448380e-01
14608 5.235988e-01 3.633260e-01
14608 5.235988e-02 3.914460e-01
14608 1.047198e-01 3.634420e-01
14608 1.570796e-01 4.561570e-01
14608 2.094395e-01 3.503060e-01
14608 2.617994e-01 3.333650e-01
14608 3.141593e-01 4.446200e-01
14608 3.665191e-01 3.464010e-01
14608 4.188790e-01 3.381120e-01
14608 4.712389e-01 3.430880e-01
14608 5.235988e-01 3.380270e-01
14608 5.235988e-02 3.463910e-01
14608 1.047198e-01 3.431190e-01
14608 1.570796e-01 3.426430e-01
14608 2.094395e-01 3.405430e-01
14608 2.617994e-01 3.395130e-01
14608 3.141593e-01 3.362790e-01
14608 3.665191e-01 3.398950e-01
14608 4.188790e-01 3.410040e-01
14608 4.712389e-01 3.380700e-01
14608 5.235988e-01 3.423060e-01
14608 5.235988e-02 3.529120e-01
14608 1.047198e-01 3.467340e-01
14608 1.570796e-01 3.433050e-01
14608 2.094395e-01 3.446340e-01
14608 2.617994e-01 3.365020e-01
14608 3.141593e-01 3.410550e-01
14608 3.665191e-01 3.395300e-01
14608 4.188790e-01 3.396700e-01
14608 4.712389e-01 3.458110e-01
14608 5.235988e-01 3.421280e-01
