400 8.726646e-03 4.945000e-03
400 1.745329e-02 4.593000e-03
400 2.617994e-02 4.284000e-03
400 3.490659e-02 4.145000e-03
400 4.363323e-02 4.578000e-03
400 5.235988e-02 4.400000e-03
400 6.108652e-02 4.038000e-03
400 6.981317e-02 3.980000e-03
400 7.853982e-02 3.928000e-03
400 8.726646e-02 3.777000e-03
400 8.726646e-03 4.220000e-03
400 1.745329e-02 3.833000e-03
400 2.617994e-02 3.706000e-03
400 3.490659e-02 3.549000e-03
400 4.363323e-02 3.364000e-03
400 5.235988e-02 3.424000e-03
400 6.108652e-02 3.419000e-03
400 6.981317e-02 3.614000e-03
400 7.853982e-02 4.255000e-03
400 8.726646e-02 3.693000e-03
400 8.726646e-03 3.578000e-03
400 1.745329e-02 3.697000e-03
400 2.617994e-02 3.615000e-03
400 3.490659e-02 3.686000e-03
400 4.363323e-02 4.003000e-03
400 5.235988e-02 4.134000e-03
400 6.108652e-02 3.982000e-03
400 6.981317e-02 3.815000e-03
400 7.853982e-02 3.517000e-03
400 8.726646e-02 3.527000e-03
400 8.726646e-03 3.539000e-03
400 1.745329e-02 3.861000e-03
400 2.617994e-02 4.175000e-03
400 3.490659e-02 3.429000e-03
400 4.363323e-02 3.419000e-03
400 5.235988e-02 3.509000e-03
400 6.108652e-02 3.355000e-03
400 6.981317e-02 3.254000e-03
400 7.853982e-02 3.296000e-03
400 8.726646e-02 3.428000e-03
400 8.726646e-03 3.558000e-03
400 1.745329e-02 3.419000e-03
400 2.617994e-02 3.431000e-03
400 3.490659e-02 3.531000e-03
400 4.363323e-02 3.304000e-03
400 5.235988e-02 3.457000e-03
400 6.108652e-02 3.351000e-03
400 6.981317e-02 3.768000e-03
400 7.853982e-02 3.725000e-03
400 8.726646e-02 3.717000e-03
838 8.726646e-03 1.100200e-02
838 1.745329e-02 9.176000e-03
838 2.617994e-02 8.727000e-03
838 3.490659e-02 8.884000e-03
838 4.363323e-02 8.977000e-03
838 5.235988e-02 9.125000e-03
838 6.108652e-02 9.073000e-03
838 6.981317e-02 1.050400e-02
838 7.853982e-02 8.828000e-03
838 8.726646e-02 8.822000e-03
838 8.726646e-03 8.421000e-03
838 1.745329e-02 8.233000e-03
838 2.617994e-02 9.695000e-03
838 3.490659e-02 8.635000e-03
838 4.363323e-02 8.276000e-03
838 5.235988e-02 8.370000e-03
838 6.108652e-02 1.064900e-02
838 6.981317e-02 8.727000e-03
838 7.853982e-02 8.676000e-03
838 8.726646e-02 1.081600e-02
838 8.726646e-03 8.979000e-03
838 1.745329e-02 8.972000e-03
838 2.617994e-02 9.527000e-03
838 3.490659e-02 8.541000e-03
838 4.363323e-02 1.027200e-02
838 5.235988e-02 8.441000e-03
838 6.108652e-02 8.692000e-03
838 6.981317e-02 9.634000e-03
838 7.853982e-02 9.983000e-03
838 8.726646e-02 8.957000e-03
838 8.726646e-03 8.850000e-03
838 1.745329e-02 8.877000e-03
838 2.617994e-02 9.315000e-03
838 3.490659e-02 9.933000e-03
838 4.363323e-02 8.583000e-03
838 5.235988e-02 8.415000e-03
838 6.108652e-02 1.064200e-02
838 6.981317e-02 9.274000e-03
838 7.853982e-02 8.739000e-03
838 8.726646e-02 1.182300e-02
838 8.726646e-03 9.690000e-03
838 1.745329e-02 9.898000e-03
838 2.617994e-02 8.766000e-03
838 3.490659e-02 9.212000e-03
838 4.363323e-02 9.865000e-03
838 5.235988e-02 8.773000e-03
838 6.108652e-02 8.793000e-03
838 6.981317e-02 1.029000e-02
838 7.853982e-02 9.361000e-03
838 8.726646e-02 9.500000e-03
1667 8.726646e-03 1.929000e-02
1667 1.745329e-02 2.067800e-02
1667 2.617994e-02 2.227900e-02
1667 3.490659e-02 2.224500e-02
1667 4.363323e-02 2.040200e-02
1667 5.235988e-02 1.948900e-02
1667 6.108652e-02 2.032900e-02
1667 6.981317e-02 2.389600e-02
1667 7.853982e-02 2.119000e-02
1667 8.726646e-02 2.189400e-02
1667 8.726646e-03 1.731200e-02
1667 1.745329e-02 2.207800e-02
1667 2.617994e-02 2.154500e-02
1667 3.490659e-02 2.173900e-02
1667 4.363323e-02 2.064400e-02
1667 5.235988e-02 1.971100e-02
1667 6.108652e-02 1.924300e-02
1667 6.981317e-02 2.375500e-02
1667 7.853982e-02 2.283900e-02
1667 8.726646e-02 2.103900e-02
1667 8.726646e-03 1.951000e-02
1667 1.745329e-02 2.127700e-02
1667 2.617994e-02 2.021600e-02
1667 3.490659e-02 2.354900e-02
1667 4.363323e-02 2.146800e-02
1667 5.235988e-02 2.054300e-02
1667 6.108652e-02 1.951300e-02
1667 6.981317e-02 2.434200e-02
1667 7.853982e-02 2.280200e-02
1667 8.726646e-02 1.956100e-02
1667 8.726646e-03 1.974200e-02
1667 1.745329e-02 2.102400e-02
1667 2.617994e-02 2.104800e-02
1667 3.490659e-02 2.277700e-02
1667 4.363323e-02 2.071300e-02
1667 5.235988e-02 1.973800e-02
1667 6.108652e-02 2.238200e-02
1667 6.981317e-02 2.490000e-02
1667 7.853982e-02 2.234500e-02
1667 8.726646e-02 1.976500e-02
1667 8.726646e-03 1.905200e-02
1667 1.745329e-02 2.025500e-02
1667 2.617994e-02 2.152200e-02
1667 3.490659e-02 2.230500e-02
1667 4.363323e-02 2.033200e-02
1667 5.235988e-02 1.965100e-02
1667 6.108652e-02 2.014100e-02
1667 6.981317e-02 2.307900e-02
1667 7.853982e-02 2.273900e-02
1667 8.726646e-02 2.123800e-02
4424 8.726646e-03 5.986400e-02
4424 1.745329e-02 5.984300e-02
4424 2.617994e-02 5.998000e-02
4424 3.490659e-02 6.178300e-02
4424 4.363323e-02 6.180200e-02
4424 5.235988e-02 6.363300e-02
4424 6.108652e-02 6.081200e-02
4424 6.981317e-02 6.323400e-02
4424 7.853982e-02 6.219900e-02
4424 8.726646e-02 6.283800e-02
4424 8.726646e-03 5.943900e-02
4424 1.745329e-02 5.733500e-02
4424 2.617994e-02 6.128200e-02
4424 3.490659e-02 6.364700e-02
4424 4.363323e-02 6.260300e-02
4424 5.235988e-02 6.319400e-02
4424 6.108652e-02 6.366600e-02
4424 6.981317e-02 6.234800e-02
4424 7.853982e-02 6.364500e-02
4424 8.726646e-02 6.243600e-02
4424 8.726646e-03 5.821500e-02
4424 1.745329e-02 5.754100e-02
4424 2.617994e-02 6.078800e-02
4424 3.490659e-02 6.406500e-02
4424 4.363323e-02 6.259300e-02
4424 5.235988e-02 6.146300e-02
4424 6.108652e-02 6.213600e-02
4424 6.981317e-02 6.256000e-02
4424 7.853982e-02 6.362100e-02
4424 8.726646e-02 6.107600e-02
4424 8.726646e-03 5.777200e-02
4424 1.745329e-02 5.525700e-02
4424 2.617994e-02 6.122100e-02
4424 3.490659e-02 6.051400e-02
4424 4.363323e-02 6.158900e-02
4424 5.235988e-02 6.350700e-02
4424 6.108652e-02 6.190000e-02
4424 6.981317e-02 6.173000e-02
4424 7.853982e-02 6.236700e-02
4424 8.726646e-02 6.214000e-02
4424 8.726646e-03 5.751000e-02
4424 1.745329e-02 5.845900e-02
4424 2.617994e-02 5.972300e-02
4424 3.490659e-02 6.233300e-02
4424 4.363323e-02 6.330100e-02
4424 5.235988e-02 6.375600e-02
4424 6.108652e-02 6.127800e-02
4424 6.981317e-02 6.290600e-02
4424 7.853982e-02 6.331600e-02
4424 8.726646e-02 6.336200e-02
14608 8.726646e-03 2.771670e-01
14608 1.745329e-02 2.691440e-01
14608 2.617994e-02 2.779080e-01
14608 3.490659e-02 2.738410e-01
14608 4.363323e-02 2.768140e-01
14608 5.235988e-02 2.749180e-01
14608 6.108652e-02 2.741260e-01
14608 6.981317e-02 2.796430e-01
14608 7.853982e-02 2.750040e-01
14608 8.726646e-02 2.792250e-01
14608 8.726646e-03 2.731150e-01
14608 1.745329e-02 2.699690e-01
14608 2.617994e-02 3.434690e-01
14608 3.490659e-02 3.620260e-01
14608 4.363323e-02 2.800210e-01
14608 5.235988e-02 2.875860e-01
14608 6.108652e-02 2.806090e-01
14608 6.981317e-02 2.854880e-01
14608 7.853982e-02 2.745170e-01
14608 8.726646e-02 2.741120e-01
14608 8.726646e-03 2.743900e-01
14608 1.745329e-02 2.773180e-01
14608 2.617994e-02 2.860700e-01
14608 3.490659e-02 2.810660e-01
14608 4.363323e-02 2.764520e-01
14608 5.235988e-02 2.841650e-01
14608 6.108652e-02 2.802690e-01
14608 6.981317e-02 2.782630e-01
14608 7.853982e-02 2.779170e-01
14608 8.726646e-02 2.720750e-01
14608 8.726646e-03 3.036100e-01
14608 1.745329e-02 2.689950e-01
14608 2.617994e-02 2.795430e-01
14608 3.490659e-02 2.783320e-01
14608 4.363323e-02 3.420860e-01
14608 5.235988e-02 3.345330e-01
14608 6.108652e-02 3.196180e-01
14608 6.981317e-02 2.764820e-01
14608 7.853982e-02 2.721530e-01
14608 8.726646e-02 2.703370e-01
14608 8.726646e-03 3.335100e-01
14608 1.745329e-02 2.766820e-01
14608 2.617994e-02 2.717530e-01
14608 3.490659e-02 2.706490e-01
14608 4.363323e-02 2.765390e-01
14608 5.235988e-02 3.520790e-01
14608 6.108652e-02 2.787690e-01
14608 6.981317e-02 2.760710e-01
14608 7.853982e-02 2.728240e-01
14608 8.726646e-02 2.705390e-01
