400 8.726646e-03 5.251000e-03
400 1.745329e-02 5.526000e-03
400 2.617994e-02 5.294000e-03
400 3.490659e-02 5.064000e-03
400 4.363323e-02 4.727000e-03
400 5.235988e-02 4.837000e-03
400 6.108652e-02 4.136000e-03
400 6.981317e-02 4.069000e-03
400 7.853982e-02 4.067000e-03
400 8.726646e-02 3.984000e-03
400 8.726646e-03 4.123000e-03
400 1.745329e-02 4.279000e-03
400 2.617994e-02 3.884000e-03
400 3.490659e-02 3.824000e-03
400 4.363323e-02 3.730000e-03
400 5.235988e-02 4.384000e-03
400 6.108652e-02 4.579000e-03
400 6.981317e-02 3.638000e-03
400 7.853982e-02 3.736000e-03
400 8.726646e-02 3.872000e-03
400 8.726646e-03 3.742000e-03
400 1.745329e-02 4.451000e-03
400 2.617994e-02 4.925000e-03
400 3.490659e-02 3.781000e-03
400 4.363323e-02 3.852000e-03
400 5.235988e-02 3.844000e-03
400 6.108652e-02 3.428000e-03
400 6.981317e-02 3.430000e-03
400 7.853982e-02 3.512000e-03
400 8.726646e-02 3.796000e-03
400 8.726646e-03 3.765000e-03
400 1.745329e-02 4.135000e-03
400 2.617994e-02 4.152000e-03
400 3.490659e-02 3.974000e-03
400 4.363323e-02 3.994000e-03
400 5.235988e-02 4.018000e-03
400 6.108652e-02 3.649000e-03
400 6.981317e-02 3.822000e-03
400 7.853982e-02 3.687000e-03
400 8.726646e-02 3.762000e-03
400 8.726646e-03 3.754000e-03
400 1.745329e-02 4.155000e-03
400 2.617994e-02 4.223000e-03
400 3.490659e-02 4.451000e-03
400 4.363323e-02 3.713000e-03
400 5.235988e-02 3.798000e-03
400 6.108652e-02 3.601000e-03
400 6.981317e-02 3.435000e-03
400 7.853982e-02 3.747000e-03
400 8.726646e-02 4.109000e-03
838 8.726646e-03 1.173400e-02
838 1.745329e-02 1.097500e-02
838 2.617994e-02 1.011600e-02
838 3.490659e-02 1.016400e-02
838 4.363323e-02 1.330100e-02
838 5.235988e-02 9.979000e-03
838 6.108652e-02 1.104400e-02
838 6.981317e-02 1.069200e-02
838 7.853982e-02 1.042300e-02
838 8.726646e-02 1.105700e-02
838 8.726646e-03 1.143300e-02
838 1.745329e-02 1.086000e-02
838 2.617994e-02 1.015200e-02
838 3.490659e-02 1.000900e-02
838 4.363323e-02 1.105000e-02
838 5.235988e-02 9.478000e-03
838 6.108652e-02 9.337000e-03
838 6.981317e-02 1.119600e-02
838 7.853982e-02 1.127000e-02
838 8.726646e-02 1.068800e-02
838 8.726646e-03 1.146500e-02
838 1.745329e-02 1.095700e-02
838 2.617994e-02 9.854000e-03
838 3.490659e-02 9.734000e-03
838 4.363323e-02 1.042100e-02
838 5.235988e-02 9.263000e-03
838 6.108652e-02 9.322000e-03
838 6.981317e-02 1.175900e-02
838 7.853982e-02 1.101600e-02
838 8.726646e-02 1.024100e-02
838 8.726646e-03 1.113100e-02
838 1.745329e-02 1.062200e-02
838 2.617994e-02 1.084600e-02
838 3.490659e-02 9.892000e-03
838 4.363323e-02 1.012700e-02
838 5.235988e-02 1.020600e-02
838 6.108652e-02 9.091000e-03
838 6.981317e-02 1.181500e-02
838 7.853982e-02 1.098300e-02
838 8.726646e-02 9.402000e-03
838 8.726646e-03 1.129200e-02
838 1.745329e-02 1.038900e-02
838 2.617994e-02 1.166700e-02
838 3.490659e-02 9.855000e-03
838 4.363323e-02 1.085100e-02
838 5.235988e-02 9.984000e-03
838 6.108652e-02 9.320000e-03
838 6.981317e-02 1.126200e-02
838 7.853982e-02 1.149900e-02
838 8.726646e-02 1.016300e-02
1667 8.726646e-03 2.047400e-02
1667 1.745329e-02 2.327700e-02
1667 2.617994e-02 2.420300e-02
1667 3.490659e-02 2.368900e-02
1667 4.363323e-02 2.080900e-02
1667 5.235988e-02 2.028100e-02
1667 6.108652e-02 2.103300e-02
1667 6.981317e-02 2.343900e-02
1667 7.853982e-02 2.281600e-02
1667 8.726646e-02 2.136700e-02
1667 8.726646e-03 1.937900e-02
1667 1.745329e-02 2.209400e-02
1667 2.617994e-02 2.349100e-02
1667 3.490659e-02 2.308900e-02
1667 4.363323e-02 2.091300e-02
1667 5.235988e-02 1.913800e-02
1667 6.108652e-02 2.133800e-02
1667 6.981317e-02 2.343700e-02
1667 7.853982e-02 2.228800e-02
1667 8.726646e-02 2.174000e-02
1667 8.726646e-03 1.938700e-02
1667 1.745329e-02 2.084500e-02
1667 2.617994e-02 2.440700e-02
1667 3.490659e-02 2.233500e-02
1667 4.363323e-02 2.017500e-02
1667 5.235988e-02 1.844500e-02
1667 6.108652e-02 2.094600e-02
1667 6.981317e-02 2.248400e-02
1667 7.853982e-02 2.170600e-02
1667 8.726646e-02 2.179100e-02
1667 8.726646e-03 2.058900e-02
1667 1.745329e-02 2.131900e-02
1667 2.617994e-02 2.507400e-02
1667 3.490659e-02 2.277300e-02
1667 4.363323e-02 1.986600e-02
1667 5.235988e-02 1.978400e-02
1667 6.108652e-02 2.037600e-02
1667 6.981317e-02 2.295000e-02
1667 7.853982e-02 2.209400e-02
1667 8.726646e-02 2.304500e-02
1667 8.726646e-03 2.050300e-02
1667 1.745329e-02 2.091800e-02
1667 2.617994e-02 2.579800e-02
1667 3.490659e-02 2.378100e-02
1667 4.363323e-02 2.169600e-02
1667 5.235988e-02 1.911100e-02
1667 6.108652e-02 2.112600e-02
1667 6.981317e-02 2.387900e-02
1667 7.853982e-02 2.311300e-02
1667 8.726646e-02 2.255100e-02
4424 8.726646e-03 7.085000e-02
4424 1.745329e-02 6.851400e-02
4424 2.617994e-02 6.931300e-02
4424 3.490659e-02 6.747800e-02
4424 4.363323e-02 6.627500e-02
4424 5.235988e-02 6.758900e-02
4424 6.108652e-02 6.769400e-02
4424 6.981317e-02 6.662400e-02
4424 7.853982e-02 6.830700e-02
4424 8.726646e-02 6.787400e-02
4424 8.726646e-03 6.982800e-02
4424 1.745329e-02 6.630900e-02
4424 2.617994e-02 6.862500e-02
4424 3.490659e-02 6.713100e-02
4424 4.363323e-02 7.466800e-02
4424 5.235988e-02 6.888400e-02
4424 6.108652e-02 6.656900e-02
4424 6.981317e-02 6.637300e-02
4424 7.853982e-02 7.029800e-02
4424 8.726646e-02 6.696800e-02
4424 8.726646e-03 7.028100e-02
4424 1.745329e-02 6.676700e-02
4424 2.617994e-02 6.768300e-02
4424 3.490659e-02 6.649600e-02
4424 4.363323e-02 6.616300e-02
4424 5.235988e-02 6.774500e-02
4424 6.108652e-02 6.863400e-02
4424 6.981317e-02 6.710800e-02
4424 7.853982e-02 7.017700e-02
4424 8.726646e-02 6.680500e-02
4424 8.726646e-03 6.926900e-02
4424 1.745329e-02 6.972600e-02
4424 2.617994e-02 6.912900e-02
4424 3.490659e-02 6.761800e-02
4424 4.363323e-02 6.572700e-02
4424 5.235988e-02 6.911500e-02
4424 6.108652e-02 6.598000e-02
4424 6.981317e-02 6.598900e-02
4424 7.853982e-02 6.740000e-02
4424 8.726646e-02 6.534100e-02
4424 8.726646e-03 6.869400e-02
4424 1.745329e-02 6.808600e-02
4424 2.617994e-02 6.922400e-02
4424 3.490659e-02 6.767100e-02
4424 4.363323e-02 6.810700e-02
4424 5.235988e-02 6.874000e-02
4424 6.108652e-02 6.802100e-02
4424 6.981317e-02 6.659300e-02
4424 7.853982e-02 6.769500e-02
4424 8.726646e-02 6.589800e-02
14608 8.726646e-03 3.361080e-01
14608 1.745329e-02 3.329190e-01
14608 2.617994e-02 3.374830e-01
14608 3.490659e-02 3.310680e-01
14608 4.363323e-02 3.363710e-01
14608 5.235988e-02 3.385320e-01
14608 6.108652e-02 3.329870e-01
14608 6.981317e-02 3.367240e-01
14608 7.853982e-02 3.358690e-01
14608 8.726646e-02 3.333000e-01
14608 8.726646e-03 3.360230e-01
14608 1.745329e-02 3.395610e-01
14608 2.617994e-02 3.346800e-01
14608 3.490659e-02 3.360260e-01
14608 4.363323e-02 3.343470e-01
14608 5.235988e-02 3.379910e-01
14608 6.108652e-02 3.327010e-01
14608 6.981317e-02 3.377810e-01
14608 7.853982e-02 3.354060e-01
14608 8.726646e-02 3.359810e-01
14608 8.726646e-03 3.462220e-01
14608 1.745329e-02 3.449750e-01
14608 2.617994e-02 3.445940e-01
14608 3.490659e-02 3.368040e-01
14608 4.363323e-02 4.586010e-01
14608 5.235988e-02 3.527340e-01
14608 6.108652e-02 3.529520e-01
14608 6.981317e-02 3.714710e-01
14608 7.853982e-02 3.424040e-01
14608 8.726646e-02 3.435110e-01
14608 8.726646e-03 3.507820e-01
14608 1.745329e-02 3.372150e-01
14608 2.617994e-02 3.442030e-01
14608 3.490659e-02 3.310300e-01
14608 4.363323e-02 3.782990e-01
14608 5.235988e-02 3.402010e-01
14608 6.108652e-02 4.174150e-01
14608 6.981317e-02 3.416080e-01
14608 7.853982e-02 3.323900e-01
14608 8.726646e-02 3.401380e-01
14608 8.726646e-03 4.038700e-01
14608 1.745329e-02 3.370050e-01
14608 2.617994e-02 3.321780e-01
14608 3.490659e-02 3.445070e-01
14608 4.363323e-02 3.519270e-01
14608 5.235988e-02 3.459610e-01
14608 6.108652e-02 3.360480e-01
14608 6.981317e-02 3.318770e-01
14608 7.853982e-02 3.930750e-01
14608 8.726646e-02 3.273510e-01
