400 5.235988e-02 4.887000e-03
400 1.047198e-01 4.685000e-03
400 1.570796e-01 4.484000e-03
400 2.094395e-01 4.301000e-03
400 2.617994e-01 4.710000e-03
400 3.141593e-01 4.418000e-03
400 3.665191e-01 4.140000e-03
400 4.188790e-01 4.161000e-03
400 4.712389e-01 4.044000e-03
400 5.235988e-01 3.959000e-03
400 5.235988e-02 4.470000e-03
400 1.047198e-01 3.901000e-03
400 1.570796e-01 3.920000e-03
400 2.094395e-01 3.573000e-03
400 2.617994e-01 3.544000e-03
400 3.141593e-01 3.555000e-03
400 3.665191e-01 3.691000e-03
400 4.188790e-01 4.016000e-03
400 4.712389e-01 4.224000e-03
400 5.235988e-01 3.745000e-03
400 5.235988e-02 3.629000e-03
400 1.047198e-01 3.719000e-03
400 1.570796e-01 3.896000e-03
400 2.094395e-01 4.034000e-03
400 2.617994e-01 3.729000e-03
400 3.141593e-01 3.680000e-03
400 3.665191e-01 3.775000e-03
400 4.188790e-01 4.043000e-03
400 4.712389e-01 3.651000e-03
400 5.235988e-01 3.589000e-03
400 5.235988e-02 4.572000e-03
400 1.047198e-01 4.233000e-03
400 1.570796e-01 3.643000e-03
400 2.094395e-01 3.555000e-03
400 2.617994e-01 3.513000e-03
400 3.141593e-01 3.512000e-03
400 3.665191e-01 3.498000e-03
400 4.188790e-01 3.555000e-03
400 4.712389e-01 3.789000e-03
400 5.235988e-01 4.943000e-03
400 5.235988e-02 3.655000e-03
400 1.047198e-01 3.636000e-03
400 1.570796e-01 3.652000e-03
400 2.094395e-01 3.387000e-03
400 2.617994e-01 3.456000e-03
400 3.141593e-01 3.930000e-03
400 3.665191e-01 3.935000e-03
400 4.188790e-01 3.655000e-03
400 4.712389e-01 3.441000e-03
400 5.235988e-01 3.528000e-03
400 5.235988e-02 3.667000e-03
400 1.047198e-01 3.877000e-03
400 1.570796e-01 4.902000e-03
400 2.094395e-01 4.061000e-03
400 2.617994e-01 3.538000e-03
400 3.141593e-01 3.503000e-03
400 3.665191e-01 3.692000e-03
400 4.188790e-01 3.764000e-03
400 4.712389e-01 3.659000e-03
400 5.235988e-01 3.672000e-03
838 5.235988e-02 1.284700e-02
838 1.047198e-01 1.127000e-02
838 1.570796e-01 1.059400e-02
838 2.094395e-01 1.125800e-02
838 2.617994e-01 1.031300e-02
838 3.141593e-01 8.816000e-03
838 3.665191e-01 1.095900e-02
838 4.188790e-01 8.656000e-03
838 4.712389e-01 9.441000e-03
838 5.235988e-01 9.357000e-03
838 5.235988e-02 8.909000e-03
838 1.047198e-01 1.076300e-02
838 1.570796e-01 9.317000e-03
838 2.094395e-01 8.741000e-03
838 2.617994e-01 1.091000e-02
838 3.141593e-01 8.733000e-03
838 3.665191e-01 9.465000e-03
838 4.188790e-01 8.383000e-03
838 4.712389e-01 1.042200e-02
838 5.235988e-01 9.081000e-03
838 5.235988e-02 9.459000e-03
838 1.047198e-01 9.068000e-03
838 1.570796e-01 9.632000e-03
838 2.094395e-01 1.032800e-02
838 2.617994e-01 9.600000e-03
838 3.141593e-01 9.113000e-03
838 3.665191e-01 1.097000e-02
838 4.188790e-01 8.444000e-03
838 4.712389e-01 9.307000e-03
838 5.235988e-01 1.048700e-02
838 5.235988e-02 9.186000e-03
838 1.047198e-01 1.037900e-02
838 1.570796e-01 9.187000e-03
838 2.094395e-01 8.738000e-03
838 2.617994e-01 1.134700e-02
838 3.141593e-01 8.627000e-03
838 3.665191e-01 9.064000e-03
838 4.188790e-01 8.687000e-03
838 4.712389e-01 1.032000e-02
838 5.235988e-01 9.044000e-03
838 5.235988e-02 9.116000e-03
838 1.047198e-01 8.865000e-03
838 1.570796e-01 9.969000e-03
838 2.094395e-01 9.420000e-03
838 2.617994e-01 9.562000e-03
838 3.141593e-01 9.335000e-03
838 3.665191e-01 1.057300e-02
838 4.188790e-01 8.425000e-03
838 4.712389e-01 9.640000e-03
838 5.235988e-01 1.009000e-02
838 5.235988e-02 9.757000e-03
838 1.047198e-01 9.607000e-03
838 1.570796e-01 9.144000e-03
838 2.094395e-01 9.036000e-03
838 2.617994e-01 1.088900e-02
838 3.141593e-01 8.820000e-03
838 3.665191e-01 9.740000e-03
838 4.188790e-01 1.018600e-02
838 4.712389e-01 9.538000e-03
838 5.235988e-01 8.525000e-03
1667 5.235988e-02 2.125400e-02
1667 1.047198e-01 2.034600e-02
1667 1.570796e-01 1.954500e-02
1667 2.094395e-01 1.834800e-02
1667 2.617994e-01 1.999400e-02
1667 3.141593e-01 1.854800e-02
1667 3.665191e-01 1.911500e-02
1667 4.188790e-01 1.986200e-02
1667 4.712389e-01 1.882000e-02
1667 5.235988e-01 2.032200e-02
1667 5.235988e-02 1.974900e-02
1667 1.047198e-01 1.871900e-02
1667 1.570796e-01 1.928000e-02
1667 2.094395e-01 1.858000e-02
1667 2.617994e-01 2.088900e-02
1667 3.141593e-01 2.020400e-02
1667 3.665191e-01 1.949200e-02
1667 4.188790e-01 2.065400e-02
1667 4.712389e-01 2.042200e-02
1667 5.235988e-01 1.916800e-02
1667 5.235988e-02 2.075600e-02
1667 1.047198e-01 1.942100e-02
1667 1.570796e-01 1.889300e-02
1667 2.094395e-01 1.956000e-02
1667 2.617994e-01 1.944600e-02
1667 3.141593e-01 2.017200e-02
1667 3.665191e-01 1.977300e-02
1667 4.188790e-01 1.830600e-02
1667 4.712389e-01 2.009200e-02
1667 5.235988e-01 1.996900e-02
1667 5.235988e-02 1.877600e-02
1667 1.047198e-01 1.964100e-02
1667 1.570796e-01 1.823000e-02
1667 2.094395e-01 1.979500e-02
1667 2.617994e-01 1.960600e-02
1667 3.141593e-01 1.966700e-02
1667 3.665191e-01 1.993700e-02
1667 4.188790e-01 1.986900e-02
1667 4.712389e-01 1.832500e-02
1667 5.235988e-01 2.026500e-02
1667 5.235988e-02 1.732500e-02
1667 1.047198e-01 1.903100e-02
1667 1.570796e-01 1.771400e-02
1667 2.094395e-01 1.957800e-02
1667 2.617994e-01 1.950200e-02
1667 3.141593e-01 1.957500e-02
1667 3.665191e-01 1.928700e-02
1667 4.188790e-01 1.994900e-02
1667 4.712389e-01 1.821300e-02
1667 5.235988e-01 2.047900e-02
1667 5.235988e-02 1.730600e-02
1667 1.047198e-01 1.912000e-02
1667 1.570796e-01 1.836200e-02
1667 2.094395e-01 1.844800e-02
1667 2.617994e-01 2.004000e-02
1667 3.141593e-01 1.832700e-02
1667 3.665191e-01 2.000500e-02
1667 4.188790e-01 1.965000e-02
1667 4.712389e-01 1.828600e-02
1667 5.235988e-01 2.339200e-02
4424 5.235988e-02 5.879500e-02
4424 1.047198e-01 6.070300e-02
4424 1.570796e-01 5.915900e-02
4424 2.094395e-01 5.884800e-02
4424 2.617994e-01 6.119600e-02
4424 3.141593e-01 5.773900e-02
4424 3.665191e-01 5.968200e-02
4424 4.188790e-01 5.792400e-02
4424 4.712389e-01 5.833100e-02
4424 5.235988e-01 5.912500e-02
4424 5.235988e-02 6.094200e-02
4424 1.047198e-01 5.881200e-02
4424 1.570796e-01 5.826400e-02
4424 2.094395e-01 6.066800e-02
4424 2.617994e-01 5.774800e-02
4424 3.141593e-01 5.864200e-02
4424 3.665191e-01 5.791600e-02
4424 4.188790e-01 6.126000e-02
4424 4.712389e-01 5.852500e-02
4424 5.235988e-01 6.876600e-02
4424 5.235988e-02 5.849300e-02
4424 1.047198e-01 5.858700e-02
4424 1.570796e-01 5.764900e-02
4424 2.094395e-01 5.962300e-02
4424 2.617994e-01 5.936200e-02
4424 3.141593e-01 5.916000e-02
4424 3.665191e-01 5.992200e-02
4424 4.188790e-01 5.818500e-02
4424 4.712389e-01 6.078300e-02
4424 5.235988e-01 6.201800e-02
4424 5.235988e-02 6.240200e-02
4424 1.047198e-01 6.158600e-02
4424 1.570796e-01 5.718700e-02
4424 2.094395e-01 6.802600e-02
4424 2.617994e-01 6.774900e-02
4424 3.141593e-01 5.872100e-02
4424 3.665191e-01 6.269000e-02
4424 4.188790e-01 5.815000e-02
4424 4.712389e-01 6.002200e-02
4424 5.235988e-01 6.048200e-02
4424 5.235988e-02 6.120200e-02
4424 1.047198e-01 5.924100e-02
4424 1.570796e-01 5.920600e-02
4424 2.094395e-01 5.900500e-02
4424 2.617994e-01 6.090800e-02
4424 3.141593e-01 5.892300e-02
4424 3.665191e-01 5.790600e-02
4424 4.188790e-01 5.862700e-02
4424 4.712389e-01 5.983300e-02
4424 5.235988e-01 5.978500e-02
4424 5.235988e-02 6.039500e-02
4424 1.047198e-01 5.710800e-02
4424 1.570796e-01 5.896900e-02
4424 2.094395e-01 5.779200e-02
4424 2.617994e-01 5.897400e-02
4424 3.141593e-01 5.862700e-02
4424 3.665191e-01 5.991500e-02
4424 4.188790e-01 5.923600e-02
4424 4.712389e-01 5.984700e-02
4424 5.235988e-01 5.976900e-02
14608 5.235988e-02 2.815620e-01
14608 1.047198e-01 2.733950e-01
14608 1.570796e-01 2.701010e-01
14608 2.094395e-01 2.658260e-01
14608 2.617994e-01 2.656510e-01
14608 3.141593e-01 2.647780e-01
14608 3.665191e-01 2.641830e-01
14608 4.188790e-01 2.656330e-01
14608 4.712389e-01 2.670680e-01
14608 5.235988e-01 2.706990e-01
14608 5.235988e-02 2.891400e-01
14608 1.047198e-01 2.768580e-01
14608 1.570796e-01 2.757690e-01
14608 2.094395e-01 2.699240e-01
14608 2.617994e-01 2.674690e-01
14608 3.141593e-01 2.635670e-01
14608 3.665191e-01 2.633750e-01
14608 4.188790e-01 2.665660e-01
14608 4.712389e-01 2.667120e-01
14608 5.235988e-01 2.719700e-01
14608 5.235988e-02 2.902030e-01
14608 1.047198e-01 2.742570e-01
14608 1.570796e-01 2.752470e-01
14608 2.094395e-01 2.685210e-01
14608 2.617994e-01 2.676930e-01
14608 3.141593e-01 2.641740e-01
14608 3.665191e-01 2.666930e-01
14608 4.188790e-01 2.666330e-01
14608 4.712389e-01 2.685810e-01
14608 5.235988e-01 2.708180e-01
14608 5.235988e-02 2.866640e-01
14608 1.047198e-01 2.793130e-01
14608 1.570796e-01 2.802100e-01
14608 2.094395e-01 2.681540e-01
14608 2.617994e-01 2.682470e-01
14608 3.141593e-01 2.684290e-01
14608 3.665191e-01 2.660160e-01
14608 4.188790e-01 2.679710e-01
14608 4.712389e-01 2.664640e-01
14608 5.235988e-01 2.726630e-01
14608 5.235988e-02 2.867290e-01
14608 1.047198e-01 2.803660e-01
14608 1.570796e-01 2.792350e-01
14608 2.094395e-01 2.735410e-01
14608 2.617994e-01 2.721260e-01
14608 3.141593e-01 2.688910e-01
14608 3.665191e-01 2.716720e-01
14608 4.188790e-01 2.685580e-01
14608 4.712389e-01 2.702290e-01
14608 5.235988e-01 2.735620e-01
14608 5.235988e-02 2.825510e-01
14608 1.047198e-01 2.779670e-01
14608 1.570796e-01 2.729490e-01
14608 2.094395e-01 2.692930e-01
14608 2.617994e-01 2.744390e-01
14608 3.141593e-01 2.652530e-01
14608 3.665191e-01 2.686100e-01
14608 4.188790e-01 2.677300e-01
14608 4.712389e-01 3.752270e-01
14608 5.235988e-01 3.175920e-01
