400 0.000000e+00 7.031000e-03
400 5.235988e-01 5.026000e-03
400 1.047198e+00 5.012000e-03
400 1.570796e+00 4.782000e-03
400 2.094395e+00 4.756000e-03
400 2.617994e+00 5.699000e-03
400 3.141593e+00 4.646000e-03
400 3.665191e+00 4.407000e-03
400 4.188790e+00 4.519000e-03
400 4.712389e+00 4.334000e-03
400 5.235988e+00 4.176000e-03
400 5.759587e+00 4.450000e-03
400 6.283185e+00 4.425000e-03
400 0.000000e+00 1.984100e-02
400 5.235988e-01 1.132200e-02
400 1.047198e+00 5.515000e-03
400 1.570796e+00 4.815000e-03
400 2.094395e+00 4.446000e-03
400 2.617994e+00 5.069000e-03
400 3.141593e+00 4.562000e-03
400 3.665191e+00 4.451000e-03
400 4.188790e+00 5.422000e-03
400 4.712389e+00 4.435000e-03
400 5.235988e+00 4.307000e-03
400 5.759587e+00 4.098000e-03
400 6.283185e+00 4.001000e-03
400 0.000000e+00 5.400000e-03
400 5.235988e-01 4.335000e-03
400 1.047198e+00 4.451000e-03
400 1.570796e+00 3.985000e-03
400 2.094395e+00 3.886000e-03
400 2.617994e+00 3.919000e-03
400 3.141593e+00 4.011000e-03
400 3.665191e+00 5.677000e-03
400 4.188790e+00 5.411000e-03
400 4.712389e+00 4.075000e-03
400 5.235988e+00 3.968000e-03
400 5.759587e+00 3.901000e-03
400 6.283185e+00 3.935000e-03
400 0.000000e+00 5.849000e-03
400 5.235988e-01 4.920000e-03
400 1.047198e+00 4.058000e-03
400 1.570796e+00 3.967000e-03
400 2.094395e+00 3.874000e-03
400 2.617994e+00 3.915000e-03
400 3.141593e+00 3.931000e-03
400 3.665191e+00 4.874000e-03
400 4.188790e+00 5.008000e-03
400 4.712389e+00 4.336000e-03
400 5.235988e+00 3.988000e-03
400 5.759587e+00 3.950000e-03
400 6.283185e+00 3.981000e-03
400 0.000000e+00 4.876000e-03
400 5.235988e-01 4.294000e-03
400 1.047198e+00 4.458000e-03
400 1.570796e+00 3.983000e-03
400 2.094395e+00 3.813000e-03
400 2.617994e+00 4.239000e-03
400 3.141593e+00 4.128000e-03
400 3.665191e+00 3.756000e-03
400 4.188790e+00 4.320000e-03
400 4.712389e+00 4.830000e-03
400 5.235988e+00 4.276000e-03
400 5.759587e+00 3.893000e-03
400 6.283185e+00 4.076000e-03
400 0.000000e+00 4.847000e-03
400 5.235988e-01 3.884000e-03
400 1.047198e+00 4.070000e-03
400 1.570796e+00 5.470000e-03
400 2.094395e+00 3.875000e-03
400 2.617994e+00 3.860000e-03
400 3.141593e+00 3.980000e-03
400 3.665191e+00 3.717000e-03
400 4.188790e+00 3.826000e-03
400 4.712389e+00 4.026000e-03
400 5.235988e+00 4.600000e-03
400 5.759587e+00 4.306000e-03
400 6.283185e+00 4.019000e-03
400 0.000000e+00 4.855000e-03
400 5.235988e-01 4.195000e-03
400 1.047198e+00 4.095000e-03
400 1.570796e+00 4.166000e-03
400 2.094395e+00 4.190000e-03
400 2.617994e+00 4.515000e-03
400 3.141593e+00 4.413000e-03
400 3.665191e+00 3.765000e-03
400 4.188790e+00 4.089000e-03
400 4.712389e+00 3.860000e-03
400 5.235988e+00 4.048000e-03
400 5.759587e+00 4.211000e-03
400 6.283185e+00 4.376000e-03
400 0.000000e+00 5.188000e-03
400 5.235988e-01 4.028000e-03
400 1.047198e+00 4.077000e-03
400 1.570796e+00 3.965000e-03
400 2.094395e+00 3.890000e-03
400 2.617994e+00 4.400000e-03
400 3.141593e+00 4.679000e-03
400 3.665191e+00 3.794000e-03
400 4.188790e+00 4.014000e-03
400 4.712389e+00 4.155000e-03
400 5.235988e+00 3.905000e-03
400 5.759587e+00 4.168000e-03
400 6.283185e+00 4.115000e-03
838 0.000000e+00 1.597600e-02
838 5.235988e-01 1.344500e-02
838 1.047198e+00 1.249400e-02
838 1.570796e+00 1.170000e-02
838 2.094395e+00 1.253500e-02
838 2.617994e+00 1.082600e-02
838 3.141593e+00 1.128300e-02
838 3.665191e+00 1.124700e-02
838 4.188790e+00 1.050600e-02
838 4.712389e+00 1.201700e-02
838 5.235988e+00 1.083100e-02
838 5.759587e+00 1.008200e-02
838 6.283185e+00 1.200000e-02
838 0.000000e+00 1.223700e-02
838 5.235988e-01 1.196800e-02
838 1.047198e+00 1.134000e-02
838 1.570796e+00 1.088800e-02
838 2.094395e+00 1.172900e-02
838 2.617994e+00 1.098200e-02
838 3.141593e+00 1.042500e-02
838 3.665191e+00 1.123800e-02
838 4.188790e+00 1.366900e-02
838 4.712389e+00 1.172700e-02
838 5.235988e+00 1.151500e-02
838 5.759587e+00 1.035400e-02
838 6.283185e+00 1.203800e-02
838 0.000000e+00 1.204700e-02
838 5.235988e-01 1.163000e-02
838 1.047198e+00 1.162600e-02
838 1.570796e+00 1.034700e-02
838 2.094395e+00 1.190100e-02
838 2.617994e+00 1.049700e-02
838 3.141593e+00 1.081300e-02
838 3.665191e+00 1.234600e-02
838 4.188790e+00 1.069200e-02
838 4.712389e+00 1.095200e-02
838 5.235988e+00 1.232500e-02
838 5.759587e+00 1.133700e-02
838 6.283185e+00 1.110300e-02
838 0.000000e+00 1.219900e-02
838 5.235988e-01 1.112200e-02
838 1.047198e+00 1.216800e-02
838 1.570796e+00 1.048800e-02
838 2.094395e+00 1.115100e-02
838 2.617994e+00 1.136800e-02
838 3.141593e+00 1.038100e-02
838 3.665191e+00 1.157600e-02
838 4.188790e+00 1.345500e-02
838 4.712389e+00 1.151000e-02
838 5.235988e+00 1.236200e-02
838 5.759587e+00 1.036700e-02
838 6.283185e+00 1.076000e-02
838 0.000000e+00 1.338700e-02
838 5.235988e-01 1.122000e-02
838 1.047198e+00 1.162600e-02
838 1.570796e+00 1.057100e-02
838 2.094395e+00 1.121700e-02
838 2.617994e+00 1.174400e-02
838 3.141593e+00 1.100600e-02
838 3.665191e+00 1.167900e-02
838 4.188790e+00 1.129600e-02
838 4.712389e+00 1.094300e-02
838 5.235988e+00 1.149300e-02
838 5.759587e+00 1.095100e-02
838 6.283185e+00 1.050100e-02
838 0.000000e+00 1.331400e-02
838 5.235988e-01 1.073000e-02
838 1.047198e+00 1.224600e-02
838 1.570796e+00 1.052300e-02
838 2.094395e+00 1.052100e-02
838 2.617994e+00 1.218500e-02
838 3.141593e+00 1.027300e-02
838 3.665191e+00 1.043500e-02
838 4.188790e+00 1.219900e-02
838 4.712389e+00 1.066900e-02
838 5.235988e+00 1.176000e-02
838 5.759587e+00 1.085000e-02
838 6.283185e+00 1.048100e-02
838 0.000000e+00 1.360400e-02
838 5.235988e-01 1.113600e-02
838 1.047198e+00 1.134700e-02
838 1.570796e+00 1.161400e-02
838 2.094395e+00 1.019600e-02
838 2.617994e+00 1.068300e-02
838 3.141593e+00 1.174900e-02
838 3.665191e+00 1.054700e-02
838 4.188790e+00 1.172100e-02
838 4.712389e+00 1.112400e-02
838 5.235988e+00 1.071600e-02
838 5.759587e+00 1.197300e-02
838 6.283185e+00 1.139500e-02
1667 0.000000e+00 2.839000e-02
1667 5.235988e-01 2.306500e-02
1667 1.047198e+00 2.321800e-02
1667 1.570796e+00 2.164800e-02
1667 2.094395e+00 2.000500e-02
1667 2.617994e+00 2.190600e-02
1667 3.141593e+00 2.091800e-02
1667 3.665191e+00 2.001900e-02
1667 4.188790e+00 2.314700e-02
1667 4.712389e+00 2.113300e-02
1667 5.235988e+00 2.127000e-02
1667 5.759587e+00 2.185400e-02
1667 6.283185e+00 2.229000e-02
1667 0.000000e+00 2.535200e-02
1667 5.235988e-01 2.114000e-02
1667 1.047198e+00 2.044100e-02
1667 1.570796e+00 2.178500e-02
1667 2.094395e+00 2.168500e-02
1667 2.617994e+00 2.135700e-02
1667 3.141593e+00 2.143900e-02
1667 3.665191e+00 2.030400e-02
1667 4.188790e+00 2.053400e-02
1667 4.712389e+00 2.070200e-02
1667 5.235988e+00 2.012400e-02
1667 5.759587e+00 2.031600e-02
1667 6.283185e+00 2.015500e-02
1667 0.000000e+00 2.714100e-02
1667 5.235988e-01 2.186500e-02
1667 1.047198e+00 2.069600e-02
1667 1.570796e+00 2.112900e-02
1667 2.094395e+00 2.189300e-02
1667 2.617994e+00 2.100600e-02
1667 3.141593e+00 2.057500e-02
1667 3.665191e+00 2.171900e-02
1667 4.188790e+00 2.362500e-02
1667 4.712389e+00 2.016000e-02
1667 5.235988e+00 2.254800e-02
1667 5.759587e+00 2.228500e-02
1667 6.283185e+00 1.965300e-02
1667 0.000000e+00 2.402200e-02
1667 5.235988e-01 2.086300e-02
1667 1.047198e+00 2.114300e-02
1667 1.570796e+00 2.043900e-02
1667 2.094395e+00 2.317700e-02
1667 2.617994e+00 2.133800e-02
1667 3.141593e+00 2.101300e-02
1667 3.665191e+00 2.113000e-02
1667 4.188790e+00 2.129200e-02
1667 4.712389e+00 2.037600e-02
1667 5.235988e+00 2.112700e-02
1667 5.759587e+00 2.109600e-02
1667 6.283185e+00 1.936300e-02
1667 0.000000e+00 2.395800e-02
1667 5.235988e-01 2.155900e-02
1667 1.047198e+00 2.252800e-02
1667 1.570796e+00 2.178800e-02
1667 2.094395e+00 2.590300e-02
1667 2.617994e+00 2.305200e-02
1667 3.141593e+00 2.185500e-02
1667 3.665191e+00 2.071400e-02
1667 4.188790e+00 2.266100e-02
1667 4.712389e+00 2.070100e-02
1667 5.235988e+00 2.011300e-02
1667 5.759587e+00 2.073300e-02
1667 6.283185e+00 2.220600e-02
1667 0.000000e+00 2.476800e-02
1667 5.235988e-01 2.086000e-02
1667 1.047198e+00 2.081000e-02
1667 1.570796e+00 2.049300e-02
1667 2.094395e+00 2.131700e-02
1667 2.617994e+00 2.037200e-02
1667 3.141593e+00 2.244800e-02
1667 3.665191e+00 2.072800e-02
1667 4.188790e+00 2.166500e-02
1667 4.712389e+00 2.049100e-02
1667 5.235988e+00 2.066200e-02
1667 5.759587e+00 2.081400e-02
1667 6.283185e+00 2.033200e-02
1667 0.000000e+00 2.551600e-02
1667 5.235988e-01 2.208600e-02
1667 1.047198e+00 2.098500e-02
1667 1.570796e+00 2.230700e-02
1667 2.094395e+00 2.811200e-02
1667 2.617994e+00 2.367500e-02
1667 3.141593e+00 2.101900e-02
1667 3.665191e+00 2.093300e-02
1667 4.188790e+00 2.177500e-02
1667 4.712389e+00 2.091600e-02
1667 5.235988e+00 1.909800e-02
1667 5.759587e+00 2.247900e-02
1667 6.283185e+00 2.101700e-02
4424 0.000000e+00 1.029140e-01
4424 5.235988e-01 7.116200e-02
4424 1.047198e+00 7.635100e-02
4424 1.570796e+00 7.225900e-02
4424 2.094395e+00 7.269600e-02
4424 2.617994e+00 7.283900e-02
4424 3.141593e+00 7.269000e-02
4424 3.665191e+00 7.305400e-02
4424 4.188790e+00 7.274300e-02
4424 4.712389e+00 7.131700e-02
4424 5.235988e+00 7.450600e-02
4424 5.759587e+00 7.606000e-02
4424 6.283185e+00 7.271600e-02
4424 0.000000e+00 8.558300e-02
4424 5.235988e-01 7.214400e-02
4424 1.047198e+00 7.311300e-02
4424 1.570796e+00 7.131300e-02
4424 2.094395e+00 7.426600e-02
4424 2.617994e+00 7.512100e-02
4424 3.141593e+00 7.397300e-02
4424 3.665191e+00 7.177500e-02
4424 4.188790e+00 7.264800e-02
4424 4.712389e+00 7.269500e-02
4424 5.235988e+00 7.333700e-02
4424 5.759587e+00 7.323800e-02
4424 6.283185e+00 7.433300e-02
4424 0.000000e+00 8.265900e-02
4424 5.235988e-01 7.273100e-02
4424 1.047198e+00 7.196800e-02
4424 1.570796e+00 6.961600e-02
4424 2.094395e+00 7.078800e-02
4424 2.617994e+00 7.583300e-02
4424 3.141593e+00 8.130900e-02
4424 3.665191e+00 7.637800e-02
4424 4.188790e+00 7.523500e-02
4424 4.712389e+00 7.245800e-02
4424 5.235988e+00 7.204600e-02
4424 5.759587e+00 7.391900e-02
4424 6.283185e+00 7.479500e-02
4424 0.000000e+00 8.384400e-02
4424 5.235988e-01 7.411200e-02
4424 1.047198e+00 7.257700e-02
4424 1.570796e+00 7.233300e-02
4424 2.094395e+00 7.172300e-02
4424 2.617994e+00 7.363100e-02
4424 3.141593e+00 7.423600e-02
4424 3.665191e+00 7.235800e-02
4424 4.188790e+00 7.706200e-02
4424 4.712389e+00 7.025100e-02
4424 5.235988e+00 7.190700e-02
4424 5.759587e+00 7.440000e-02
4424 6.283185e+00 7.173200e-02
4424 0.000000e+00 8.705300e-02
4424 5.235988e-01 7.217800e-02
4424 1.047198e+00 7.578500e-02
4424 1.570796e+00 7.075000e-02
4424 2.094395e+00 7.200700e-02
4424 2.617994e+00 7.527800e-02
4424 3.141593e+00 7.235800e-02
4424 3.665191e+00 7.250600e-02
4424 4.188790e+00 7.524400e-02
4424 4.712389e+00 7.220600e-02
4424 5.235988e+00 7.218000e-02
4424 5.759587e+00 7.493900e-02
4424 6.283185e+00 7.192400e-02
4424 0.000000e+00 8.331900e-02
4424 5.235988e-01 7.409800e-02
4424 1.047198e+00 7.450500e-02
4424 1.570796e+00 7.237100e-02
4424 2.094395e+00 7.079100e-02
4424 2.617994e+00 7.303000e-02
4424 3.141593e+00 7.492200e-02
4424 3.665191e+00 7.024100e-02
4424 4.188790e+00 7.327800e-02
4424 4.712389e+00 7.277100e-02
4424 5.235988e+00 7.294300e-02
4424 5.759587e+00 7.530900e-02
4424 6.283185e+00 7.264200e-02
4424 0.000000e+00 8.374700e-02
4424 5.235988e-01 7.328600e-02
4424 1.047198e+00 7.403100e-02
4424 1.570796e+00 7.443700e-02
4424 2.094395e+00 7.031700e-02
4424 2.617994e+00 7.514200e-02
4424 3.141593e+00 7.456900e-02
4424 3.665191e+00 7.235600e-02
4424 4.188790e+00 7.556900e-02
4424 4.712389e+00 7.408100e-02
4424 5.235988e+00 7.359500e-02
4424 5.759587e+00 7.403900e-02
4424 6.283185e+00 7.171400e-02
14608 0.000000e+00 4.008710e-01
14608 5.235988e-01 3.594710e-01
14608 1.047198e+00 3.560030e-01
14608 1.570796e+00 3.697490e-01
14608 2.094395e+00 3.692100e-01
14608 2.617994e+00 3.696200e-01
14608 3.141593e+00 3.597460e-01
14608 3.665191e+00 4.056420e-01
14608 4.188790e+00 3.546480e-01
14608 4.712389e+00 3.500310e-01
14608 5.235988e+00 4.439700e-01
14608 5.759587e+00 3.568300e-01
14608 6.283185e+00 3.603270e-01
14608 0.000000e+00 4.060140e-01
14608 5.235988e-01 3.572090e-01
14608 1.047198e+00 3.580470e-01
14608 1.570796e+00 3.573920e-01
14608 2.094395e+00 3.556870e-01
14608 2.617994e+00 3.556520e-01
14608 3.141593e+00 3.579990e-01
14608 3.665191e+00 3.544290e-01
14608 4.188790e+00 3.545020e-01
14608 4.712389e+00 3.549780e-01
14608 5.235988e+00 3.563450e-01
14608 5.759587e+00 3.577330e-01
14608 6.283185e+00 3.538640e-01
14608 0.000000e+00 4.098110e-01
14608 5.235988e-01 3.633990e-01
14608 1.047198e+00 3.566220e-01
14608 1.570796e+00 3.538140e-01
14608 2.094395e+00 3.595140e-01
14608 2.617994e+00 3.582840e-01
14608 3.141593e+00 3.578920e-01
14608 3.665191e+00 3.518320e-01
14608 4.188790e+00 3.570150e-01
14608 4.712389e+00 4.667690e-01
14608 5.235988e+00 3.569000e-01
14608 5.759587e+00 4.254720e-01
14608 6.283185e+00 3.534340e-01
14608 0.000000e+00 5.182350e-01
14608 5.235988e-01 3.554710e-01
14608 1.047198e+00 3.545310e-01
14608 1.570796e+00 3.542330e-01
14608 2.094395e+00 4.748670e-01
14608 2.617994e+00 3.603490e-01
14608 3.141593e+00 3.578680e-01
14608 3.665191e+00 3.570420e-01
14608 4.188790e+00 3.597260e-01
14608 4.712389e+00 3.580400e-01
14608 5.235988e+00 3.571350e-01
14608 5.759587e+00 3.561840e-01
14608 6.283185e+00 3.618220e-01
14608 0.000000e+00 4.111550e-01
14608 5.235988e-01 3.584420e-01
14608 1.047198e+00 3.593080e-01
14608 1.570796e+00 3.558680e-01
14608 2.094395e+00 3.573990e-01
14608 2.617994e+00 3.658020e-01
14608 3.141593e+00 3.563230e-01
14608 3.665191e+00 3.858310e-01
14608 4.188790e+00 3.607270e-01
14608 4.712389e+00 3.612830e-01
14608 5.235988e+00 3.632170e-01
14608 5.759587e+00 3.639860e-01
14608 6.283185e+00 3.634500e-01
14608 0.000000e+00 4.254550e-01
14608 5.235988e-01 3.625360e-01
14608 1.047198e+00 5.495200e-01
14608 1.570796e+00 3.738920e-01
14608 2.094395e+00 3.527340e-01
14608 2.617994e+00 3.665740e-01
14608 3.141593e+00 5.217630e-01
14608 3.665191e+00 3.707950e-01
14608 4.188790e+00 5.215200e-01
14608 4.712389e+00 3.662020e-01
14608 5.235988e+00 3.664230e-01
14608 5.759587e+00 3.605760e-01
14608 6.283185e+00 3.543080e-01
14608 0.000000e+00 4.083810e-01
14608 5.235988e-01 3.712030e-01
14608 1.047198e+00 3.680440e-01
14608 1.570796e+00 3.695110e-01
14608 2.094395e+00 3.666900e-01
14608 2.617994e+00 3.617230e-01
14608 3.141593e+00 3.562520e-01
14608 3.665191e+00 3.541750e-01
14608 4.188790e+00 3.669600e-01
14608 4.712389e+00 3.486090e-01
14608 5.235988e+00 3.520990e-01
14608 5.759587e+00 3.650230e-01
14608 6.283185e+00 3.688940e-01
14608 0.000000e+00 4.372990e-01
14608 7.853982e-01 3.739730e-01
14608 1.308997e+00 3.657440e-01
14608 1.832596e+00 3.566120e-01
14608 2.356194e+00 3.590530e-01
14608 2.879793e+00 3.652460e-01
14608 3.403392e+00 3.756500e-01
14608 3.926991e+00 5.221920e-01
14608 4.450590e+00 3.641290e-01
14608 4.974188e+00 3.577440e-01
14608 5.497787e+00 3.599820e-01
14608 6.021386e+00 3.693970e-01
14608 0.000000e+00 3.989120e-01
14608 7.853982e-01 3.591660e-01
14608 1.308997e+00 3.645710e-01
14608 1.832596e+00 3.614540e-01
14608 2.356194e+00 3.931130e-01
14608 2.879793e+00 4.137210e-01
14608 3.403392e+00 3.674070e-01
14608 3.926991e+00 4.721360e-01
14608 4.450590e+00 3.909730e-01
14608 4.974188e+00 3.913520e-01
14608 5.497787e+00 3.565360e-01
14608 6.021386e+00 3.543060e-01
14608 0.000000e+00 3.978250e-01
14608 7.853982e-01 3.609310e-01
14608 1.308997e+00 3.561670e-01
14608 1.832596e+00 3.481400e-01
14608 2.356194e+00 3.538740e-01
14608 2.879793e+00 3.557010e-01
14608 3.403392e+00 3.494620e-01
14608 3.926991e+00 3.630760e-01
14608 4.450590e+00 3.685900e-01
14608 4.974188e+00 3.532270e-01
14608 5.497787e+00 3.616250e-01
14608 6.021386e+00 3.594970e-01
14608 0.000000e+00 4.144900e-01
14608 7.853982e-01 3.697520e-01
14608 1.308997e+00 3.619800e-01
14608 1.832596e+00 3.665510e-01
14608 2.356194e+00 3.616510e-01
14608 2.879793e+00 3.917790e-01
14608 3.403392e+00 3.627110e-01
14608 3.926991e+00 3.851540e-01
14608 4.450590e+00 3.716540e-01
14608 4.974188e+00 3.581670e-01
14608 5.497787e+00 4.824330e-01
14608 6.021386e+00 3.783950e-01
14608 0.000000e+00 5.698580e-01
14608 7.853982e-01 3.658360e-01
14608 1.308997e+00 3.845170e-01
14608 1.832596e+00 3.710850e-01
14608 2.356194e+00 3.633220e-01
14608 2.879793e+00 3.756600e-01
14608 3.403392e+00 4.469200e-01
14608 3.926991e+00 3.607790e-01
14608 4.450590e+00 3.587650e-01
14608 4.974188e+00 3.551800e-01
14608 5.497787e+00 3.584950e-01
14608 6.021386e+00 3.554970e-01
14608 0.000000e+00 4.137120e-01
14608 7.853982e-01 3.679850e-01
14608 1.308997e+00 3.594670e-01
14608 1.832596e+00 3.616180e-01
14608 2.356194e+00 3.535970e-01
14608 2.879793e+00 3.617010e-01
14608 3.403392e+00 3.637090e-01
14608 3.926991e+00 3.560370e-01
14608 4.450590e+00 3.610880e-01
14608 4.974188e+00 3.566770e-01
14608 5.497787e+00 3.594660e-01
14608 6.021386e+00 3.602810e-01
14608 0.000000e+00 4.081190e-01
14608 7.853982e-01 3.716260e-01
14608 1.308997e+00 3.636310e-01
14608 1.832596e+00 3.525600e-01
14608 2.356194e+00 3.673200e-01
14608 2.879793e+00 3.611850e-01
14608 3.403392e+00 4.013080e-01
14608 3.926991e+00 3.629940e-01
14608 4.450590e+00 3.684630e-01
14608 4.974188e+00 3.642230e-01
14608 5.497787e+00 3.573870e-01
14608 6.021386e+00 3.648650e-01
4424 0.000000e+00 1.023650e-01
4424 7.853982e-01 7.517400e-02
4424 1.308997e+00 7.593900e-02
4424 1.832596e+00 7.021800e-02
4424 2.356194e+00 7.192700e-02
4424 2.879793e+00 7.209100e-02
4424 3.403392e+00 7.114900e-02
4424 3.926991e+00 7.561900e-02
4424 4.450590e+00 7.565300e-02
4424 4.974188e+00 7.164100e-02
4424 5.497787e+00 7.253400e-02
4424 6.021386e+00 7.347700e-02
4424 0.000000e+00 8.153100e-02
4424 7.853982e-01 7.857300e-02
4424 1.308997e+00 7.335700e-02
4424 1.832596e+00 7.255800e-02
4424 2.356194e+00 7.457100e-02
4424 2.879793e+00 7.473000e-02
4424 3.403392e+00 7.156200e-02
4424 3.926991e+00 7.363900e-02
4424 4.450590e+00 7.517500e-02
4424 4.974188e+00 7.070900e-02
4424 5.497787e+00 7.699000e-02
4424 6.021386e+00 7.435200e-02
4424 0.000000e+00 8.217500e-02
4424 7.853982e-01 7.672200e-02
4424 1.308997e+00 7.494900e-02
4424 1.832596e+00 7.142000e-02
4424 2.356194e+00 7.417800e-02
4424 2.879793e+00 7.444900e-02
4424 3.403392e+00 7.098200e-02
4424 3.926991e+00 7.408400e-02
4424 4.450590e+00 7.410400e-02
4424 4.974188e+00 7.247000e-02
4424 5.497787e+00 7.564500e-02
4424 6.021386e+00 7.608200e-02
4424 0.000000e+00 8.152500e-02
4424 7.853982e-01 7.655900e-02
4424 1.308997e+00 7.365400e-02
4424 1.832596e+00 7.142700e-02
4424 2.356194e+00 7.294200e-02
4424 2.879793e+00 7.330600e-02
4424 3.403392e+00 7.257000e-02
4424 3.926991e+00 7.532200e-02
4424 4.450590e+00 7.451900e-02
4424 4.974188e+00 7.119200e-02
4424 5.497787e+00 7.419400e-02
4424 6.021386e+00 7.337700e-02
4424 0.000000e+00 8.429400e-02
4424 7.853982e-01 7.711800e-02
4424 1.308997e+00 7.350400e-02
4424 1.832596e+00 7.103000e-02
4424 2.356194e+00 7.214400e-02
4424 2.879793e+00 7.372300e-02
4424 3.403392e+00 7.261500e-02
4424 3.926991e+00 7.342300e-02
4424 4.450590e+00 7.600500e-02
4424 4.974188e+00 6.953900e-02
4424 5.497787e+00 7.403700e-02
4424 6.021386e+00 7.370700e-02
4424 0.000000e+00 8.401200e-02
4424 7.853982e-01 7.510300e-02
4424 1.308997e+00 7.612100e-02
4424 1.832596e+00 6.820900e-02
4424 2.356194e+00 7.211400e-02
4424 2.879793e+00 7.324100e-02
4424 3.403392e+00 7.116500e-02
4424 3.926991e+00 7.343200e-02
4424 4.450590e+00 7.466500e-02
4424 4.974188e+00 7.191900e-02
4424 5.497787e+00 7.432800e-02
4424 6.021386e+00 7.346600e-02
4424 0.000000e+00 8.213400e-02
4424 7.853982e-01 7.628800e-02
4424 1.308997e+00 7.381900e-02
4424 1.832596e+00 7.253800e-02
4424 2.356194e+00 7.202700e-02
4424 2.879793e+00 7.458900e-02
4424 3.403392e+00 7.122300e-02
4424 3.926991e+00 7.220100e-02
4424 4.450590e+00 7.417700e-02
4424 4.974188e+00 7.078300e-02
4424 5.497787e+00 7.510100e-02
4424 6.021386e+00 7.612500e-02
1667 0.000000e+00 3.199400e-02
1667 7.853982e-01 2.321800e-02
1667 1.308997e+00 2.211800e-02
1667 1.832596e+00 2.113800e-02
1667 2.356194e+00 2.102500e-02
1667 2.879793e+00 2.030600e-02
1667 3.403392e+00 2.067100e-02
1667 3.926991e+00 2.123600e-02
1667 4.450590e+00 2.098400e-02
1667 4.974188e+00 2.255100e-02
1667 5.497787e+00 2.201500e-02
1667 6.021386e+00 2.036500e-02
1667 0.000000e+00 2.808700e-02
1667 7.853982e-01 2.206800e-02
1667 1.308997e+00 2.426300e-02
1667 1.832596e+00 1.997500e-02
1667 2.356194e+00 2.299300e-02
1667 2.879793e+00 2.237500e-02
1667 3.403392e+00 2.089900e-02
1667 3.926991e+00 1.995800e-02
1667 4.450590e+00 2.198000e-02
1667 4.974188e+00 2.001300e-02
1667 5.497787e+00 2.059400e-02
1667 6.021386e+00 2.050800e-02
1667 0.000000e+00 2.419700e-02
1667 7.853982e-01 2.135400e-02
1667 1.308997e+00 2.060900e-02
1667 1.832596e+00 2.045000e-02
1667 2.356194e+00 2.098600e-02
1667 2.879793e+00 2.113700e-02
1667 3.403392e+00 2.212100e-02
1667 3.926991e+00 2.166100e-02
1667 4.450590e+00 2.074500e-02
1667 4.974188e+00 2.125700e-02
1667 5.497787e+00 2.186900e-02
1667 6.021386e+00 2.278900e-02
1667 0.000000e+00 2.465400e-02
1667 7.853982e-01 2.099600e-02
1667 1.308997e+00 2.076300e-02
1667 1.832596e+00 2.166300e-02
1667 2.356194e+00 2.204800e-02
1667 2.879793e+00 2.236400e-02
1667 3.403392e+00 2.120200e-02
1667 3.926991e+00 2.068800e-02
1667 4.450590e+00 2.099700e-02
1667 4.974188e+00 2.050900e-02
1667 5.497787e+00 1.985700e-02
1667 6.021386e+00 2.175800e-02
1667 0.000000e+00 2.577500e-02
1667 7.853982e-01 2.149100e-02
1667 1.308997e+00 2.016800e-02
1667 1.832596e+00 2.280500e-02
1667 2.356194e+00 2.245500e-02
1667 2.879793e+00 2.136000e-02
1667 3.403392e+00 2.042900e-02
1667 3.926991e+00 2.142100e-02
1667 4.450590e+00 2.132100e-02
1667 4.974188e+00 2.012800e-02
1667 5.497787e+00 2.233400e-02
1667 6.021386e+00 2.114300e-02
1667 0.000000e+00 2.657900e-02
1667 7.853982e-01 2.058800e-02
1667 1.308997e+00 2.195000e-02
1667 1.832596e+00 2.030700e-02
1667 2.356194e+00 2.179500e-02
1667 2.879793e+00 2.200800e-02
1667 3.403392e+00 2.155800e-02
1667 3.926991e+00 2.083100e-02
1667 4.450590e+00 2.155700e-02
1667 4.974188e+00 2.048300e-02
1667 5.497787e+00 2.102500e-02
1667 6.021386e+00 2.118500e-02
1667 0.000000e+00 2.516000e-02
1667 7.853982e-01 2.218800e-02
1667 1.308997e+00 2.146400e-02
1667 1.832596e+00 2.063000e-02
1667 2.356194e+00 2.163300e-02
1667 2.879793e+00 2.252500e-02
1667 3.403392e+00 1.990600e-02
1667 3.926991e+00 2.294700e-02
1667 4.450590e+00 2.294700e-02
1667 4.974188e+00 2.078500e-02
1667 5.497787e+00 2.245100e-02
1667 6.021386e+00 2.176100e-02
838 0.000000e+00 1.601800e-02
838 7.853982e-01 1.365000e-02
838 1.308997e+00 1.177300e-02
838 1.832596e+00 1.090100e-02
838 2.356194e+00 1.119300e-02
838 2.879793e+00 1.030600e-02
838 3.403392e+00 1.025700e-02
838 3.926991e+00 1.150800e-02
838 4.450590e+00 1.008100e-02
838 4.974188e+00 9.737000e-03
838 5.497787e+00 1.096800e-02
838 6.021386e+00 9.453000e-03
838 0.000000e+00 1.311200e-02
838 7.853982e-01 1.105900e-02
838 1.308997e+00 9.915000e-03
838 1.832596e+00 1.119200e-02
838 2.356194e+00 1.003400e-02
838 2.879793e+00 9.603000e-03
838 3.403392e+00 1.136700e-02
838 3.926991e+00 9.962000e-03
838 4.450590e+00 9.522000e-03
838 4.974188e+00 1.162400e-02
838 5.497787e+00 1.013900e-02
838 6.021386e+00 1.028700e-02
838 0.000000e+00 1.348900e-02
838 7.853982e-01 1.069700e-02
838 1.308997e+00 1.178000e-02
838 1.832596e+00 1.009300e-02
838 2.356194e+00 1.006900e-02
838 2.879793e+00 1.115900e-02
838 3.403392e+00 9.959000e-03
838 3.926991e+00 9.612000e-03
838 4.450590e+00 1.173900e-02
838 4.974188e+00 1.038000e-02
838 5.497787e+00 9.921000e-03
838 6.021386e+00 1.243900e-02
838 0.000000e+00 1.205900e-02
838 7.853982e-01 1.040200e-02
838 1.308997e+00 1.209800e-02
838 1.832596e+00 9.817000e-03
838 2.356194e+00 1.106200e-02
838 2.879793e+00 1.017300e-02
838 3.403392e+00 9.502000e-03
838 3.926991e+00 1.043000e-02
838 4.450590e+00 1.041600e-02
838 4.974188e+00 1.006800e-02
838 5.497787e+00 1.054600e-02
838 6.021386e+00 1.083600e-02
838 0.000000e+00 1.215000e-02
838 7.853982e-01 1.188400e-02
838 1.308997e+00 9.772000e-03
838 1.832596e+00 1.014700e-02
838 2.356194e+00 1.119000e-02
838 2.879793e+00 9.563000e-03
838 3.403392e+00 1.021800e-02
838 3.926991e+00 1.085000e-02
838 4.450590e+00 9.575000e-03
838 4.974188e+00 1.068200e-02
838 5.497787e+00 1.101900e-02
838 6.021386e+00 1.047000e-02
838 0.000000e+00 1.371300e-02
838 7.853982e-01 1.062800e-02
838 1.308997e+00 9.806000e-03
838 1.832596e+00 1.101400e-02
838 2.356194e+00 1.004900e-02
838 2.879793e+00 9.547000e-03
838 3.403392e+00 1.013100e-02
838 3.926991e+00 9.980000e-03
838 4.450590e+00 1.004100e-02
838 4.974188e+00 1.525200e-02
838 5.497787e+00 1.046000e-02
838 6.021386e+00 1.080100e-02
838 0.000000e+00 1.248700e-02
838 7.853982e-01 1.091900e-02
838 1.308997e+00 1.142400e-02
838 1.832596e+00 1.002500e-02
838 2.356194e+00 9.990000e-03
838 2.879793e+00 1.163100e-02
838 3.403392e+00 9.847000e-03
838 3.926991e+00 9.896000e-03
838 4.450590e+00 1.137300e-02
838 4.974188e+00 1.078400e-02
838 5.497787e+00 1.016400e-02
838 6.021386e+00 1.200100e-02
400 0.000000e+00 2.036200e-02
400 7.853982e-01 1.209300e-02
400 1.308997e+00 6.865000e-03
400 1.832596e+00 5.451000e-03
400 2.356194e+00 4.808000e-03
400 2.879793e+00 4.500000e-03
400 3.403392e+00 4.266000e-03
400 3.926991e+00 5.386000e-03
400 4.450590e+00 4.107000e-03
400 4.974188e+00 3.977000e-03
400 5.497787e+00 3.957000e-03
400 6.021386e+00 3.841000e-03
400 0.000000e+00 5.367000e-03
400 7.853982e-01 4.690000e-03
400 1.308997e+00 4.012000e-03
400 1.832596e+00 3.802000e-03
400 2.356194e+00 4.013000e-03
400 2.879793e+00 3.928000e-03
400 3.403392e+00 3.685000e-03
400 3.926991e+00 4.793000e-03
400 4.450590e+00 4.422000e-03
400 4.974188e+00 4.520000e-03
400 5.497787e+00 3.879000e-03
400 6.021386e+00 4.502000e-03
400 0.000000e+00 4.847000e-03
400 7.853982e-01 3.980000e-03
400 1.308997e+00 4.333000e-03
400 1.832596e+00 4.328000e-03
400 2.356194e+00 4.427000e-03
400 2.879793e+00 4.086000e-03
400 3.403392e+00 3.702000e-03
400 3.926991e+00 4.098000e-03
400 4.450590e+00 4.469000e-03
400 4.974188e+00 4.536000e-03
400 5.497787e+00 5.350000e-03
400 6.021386e+00 3.996000e-03
400 0.000000e+00 4.823000e-03
400 7.853982e-01 3.966000e-03
400 1.308997e+00 3.957000e-03
400 1.832596e+00 4.768000e-03
400 2.356194e+00 4.120000e-03
400 2.879793e+00 4.479000e-03
400 3.403392e+00 3.660000e-03
400 3.926991e+00 4.342000e-03
400 4.450590e+00 4.013000e-03
400 4.974188e+00 3.800000e-03
400 5.497787e+00 3.987000e-03
400 6.021386e+00 4.666000e-03
400 0.000000e+00 5.152000e-03
400 7.853982e-01 4.035000e-03
400 1.308997e+00 3.959000e-03
400 1.832596e+00 3.817000e-03
400 2.356194e+00 3.911000e-03
400 2.879793e+00 4.011000e-03
400 3.403392e+00 3.887000e-03
400 3.926991e+00 4.724000e-03
400 4.450590e+00 3.857000e-03
400 4.974188e+00 3.939000e-03
400 5.497787e+00 3.786000e-03
400 6.021386e+00 3.795000e-03
400 0.000000e+00 5.072000e-03
400 7.853982e-01 4.579000e-03
400 1.308997e+00 4.530000e-03
400 1.832596e+00 3.846000e-03
400 2.356194e+00 3.913000e-03
400 2.879793e+00 4.096000e-03
400 3.403392e+00 3.718000e-03
400 3.926991e+00 4.187000e-03
400 4.450590e+00 4.194000e-03
400 4.974188e+00 4.499000e-03
400 5.497787e+00 4.850000e-03
400 6.021386e+00 3.843000e-03
400 0.000000e+00 4.862000e-03
400 7.853982e-01 4.006000e-03
400 1.308997e+00 4.115000e-03
400 1.832596e+00 3.918000e-03
400 2.356194e+00 4.579000e-03
400 2.879793e+00 4.639000e-03
400 3.403392e+00 3.958000e-03
400 3.926991e+00 3.793000e-03
400 4.450590e+00 3.985000e-03
400 4.974188e+00 4.181000e-03
400 5.497787e+00 4.073000e-03
400 6.021386e+00 4.555000e-03
