400 0.000000e+00 6.662000e-03
400 5.235988e-01 5.678000e-03
400 1.047198e+00 5.067000e-03
400 1.570796e+00 5.026000e-03
400 2.094395e+00 5.006000e-03
400 2.617994e+00 4.665000e-03
400 3.141593e+00 4.356000e-03
400 3.665191e+00 4.350000e-03
400 4.188790e+00 7.038000e-03
400 4.712389e+00 4.176000e-03
400 5.235988e+00 4.368000e-03
400 5.759587e+00 5.236000e-03
400 6.283185e+00 4.154000e-03
400 0.000000e+00 5.836000e-03
400 5.235988e-01 4.626000e-03
400 1.047198e+00 4.281000e-03
400 1.570796e+00 4.658000e-03
400 2.094395e+00 4.420000e-03
400 2.617994e+00 4.399000e-03
400 3.141593e+00 4.782000e-03
400 3.665191e+00 4.480000e-03
400 4.188790e+00 4.117000e-03
400 4.712389e+00 4.062000e-03
400 5.235988e+00 4.029000e-03
400 5.759587e+00 3.761000e-03
400 6.283185e+00 3.618000e-03
400 0.000000e+00 4.907000e-03
400 5.235988e-01 4.117000e-03
400 1.047198e+00 4.529000e-03
400 1.570796e+00 3.892000e-03
400 2.094395e+00 3.761000e-03
400 2.617994e+00 3.662000e-03
400 3.141593e+00 4.150000e-03
400 3.665191e+00 4.509000e-03
400 4.188790e+00 3.606000e-03
400 4.712389e+00 3.653000e-03
400 5.235988e+00 3.746000e-03
400 5.759587e+00 3.554000e-03
400 6.283185e+00 3.558000e-03
400 0.000000e+00 6.601000e-03
400 5.235988e-01 6.187000e-03
400 1.047198e+00 5.459000e-03
400 1.570796e+00 5.208000e-03
400 2.094395e+00 5.979000e-03
400 2.617994e+00 5.382000e-03
400 3.141593e+00 4.374000e-03
400 3.665191e+00 4.260000e-03
400 4.188790e+00 4.261000e-03
400 4.712389e+00 4.084000e-03
400 5.235988e+00 4.194000e-03
400 5.759587e+00 4.759000e-03
400 6.283185e+00 4.513000e-03
400 0.000000e+00 6.291000e-03
400 5.235988e-01 5.000000e-03
400 1.047198e+00 4.772000e-03
400 1.570796e+00 4.360000e-03
400 2.094395e+00 4.473000e-03
400 2.617994e+00 5.251000e-03
400 3.141593e+00 4.358000e-03
400 3.665191e+00 4.239000e-03
400 4.188790e+00 4.188000e-03
400 4.712389e+00 4.053000e-03
400 5.235988e+00 4.081000e-03
400 5.759587e+00 3.926000e-03
400 6.283185e+00 4.123000e-03
400 0.000000e+00 7.038000e-03
400 5.235988e-01 5.984000e-03
400 1.047198e+00 5.670000e-03
400 1.570796e+00 5.546000e-03
400 2.094395e+00 5.762000e-03
400 2.617994e+00 5.751000e-03
400 3.141593e+00 4.332000e-03
400 3.665191e+00 4.059000e-03
400 4.188790e+00 3.669000e-03
400 4.712389e+00 3.590000e-03
400 5.235988e+00 3.669000e-03
400 5.759587e+00 3.661000e-03
400 6.283185e+00 4.472000e-03
400 0.000000e+00 7.154000e-03
400 5.235988e-01 4.313000e-03
400 1.047198e+00 4.199000e-03
400 1.570796e+00 4.010000e-03
400 2.094395e+00 3.936000e-03
400 2.617994e+00 5.187000e-03
400 3.141593e+00 5.050000e-03
400 3.665191e+00 4.262000e-03
400 4.188790e+00 3.614000e-03
400 4.712389e+00 3.632000e-03
400 5.235988e+00 3.679000e-03
400 5.759587e+00 3.605000e-03
400 6.283185e+00 3.651000e-03
400 0.000000e+00 1.746300e-02
400 5.235988e-01 8.658000e-03
400 1.047198e+00 5.887000e-03
400 1.570796e+00 4.842000e-03
400 2.094395e+00 4.524000e-03
400 2.617994e+00 4.152000e-03
400 3.141593e+00 4.170000e-03
400 3.665191e+00 4.218000e-03
400 4.188790e+00 4.401000e-03
400 4.712389e+00 4.867000e-03
400 5.235988e+00 4.095000e-03
400 5.759587e+00 3.893000e-03
400 6.283185e+00 3.832000e-03
838 0.000000e+00 3.642700e-02
838 5.235988e-01 1.227900e-02
838 1.047198e+00 1.151300e-02
838 1.570796e+00 1.021000e-02
838 2.094395e+00 8.817000e-03
838 2.617994e+00 1.072400e-02
838 3.141593e+00 9.449000e-03
838 3.665191e+00 8.380000e-03
838 4.188790e+00 9.890000e-03
838 4.712389e+00 9.579000e-03
838 5.235988e+00 8.501000e-03
838 5.759587e+00 8.946000e-03
838 6.283185e+00 1.016300e-02
838 0.000000e+00 3.359400e-02
838 5.235988e-01 1.213100e-02
838 1.047198e+00 9.995000e-03
838 1.570796e+00 1.094200e-02
838 2.094395e+00 8.600000e-03
838 2.617994e+00 9.195000e-03
838 3.141593e+00 1.060300e-02
838 3.665191e+00 8.540000e-03
838 4.188790e+00 9.067000e-03
838 4.712389e+00 9.867000e-03
838 5.235988e+00 9.291000e-03
838 5.759587e+00 8.982000e-03
838 6.283185e+00 9.748000e-03
838 0.000000e+00 1.392000e-02
838 5.235988e-01 9.599000e-03
838 1.047198e+00 1.287100e-02
838 1.570796e+00 9.474000e-03
838 2.094395e+00 8.572000e-03
838 2.617994e+00 1.095800e-02
838 3.141593e+00 9.374000e-03
838 3.665191e+00 8.681000e-03
838 4.188790e+00 1.115900e-02
838 4.712389e+00 1.037100e-02
838 5.235988e+00 1.348800e-02
838 5.759587e+00 1.090900e-02
838 6.283185e+00 9.463000e-03
838 0.000000e+00 1.541500e-02
838 5.235988e-01 1.143300e-02
838 1.047198e+00 1.115700e-02
838 1.570796e+00 9.288000e-03
838 2.094395e+00 8.529000e-03
838 2.617994e+00 1.087800e-02
838 3.141593e+00 9.353000e-03
838 3.665191e+00 8.312000e-03
838 4.188790e+00 9.887000e-03
838 4.712389e+00 9.653000e-03
838 5.235988e+00 8.506000e-03
838 5.759587e+00 9.469000e-03
838 6.283185e+00 1.022500e-02
838 0.000000e+00 1.594600e-02
838 5.235988e-01 1.164200e-02
838 1.047198e+00 1.150500e-02
838 1.570796e+00 1.071900e-02
838 2.094395e+00 1.004300e-02
838 2.617994e+00 1.046000e-02
838 3.141593e+00 9.348000e-03
838 3.665191e+00 9.579000e-03
838 4.188790e+00 9.322000e-03
838 4.712389e+00 9.273000e-03
838 5.235988e+00 9.128000e-03
838 5.759587e+00 1.307000e-02
838 6.283185e+00 1.514700e-02
838 0.000000e+00 3.978400e-02
838 5.235988e-01 1.246500e-02
838 1.047198e+00 1.223500e-02
838 1.570796e+00 1.039600e-02
838 2.094395e+00 9.064000e-03
838 2.617994e+00 1.039900e-02
838 3.141593e+00 9.351000e-03
838 3.665191e+00 8.543000e-03
838 4.188790e+00 9.899000e-03
838 4.712389e+00 9.965000e-03
838 5.235988e+00 8.716000e-03
838 5.759587e+00 1.066400e-02
838 6.283185e+00 9.327000e-03
838 0.000000e+00 3.867800e-02
838 5.235988e-01 1.219100e-02
838 1.047198e+00 1.134100e-02
838 1.570796e+00 1.066100e-02
838 2.094395e+00 9.171000e-03
838 2.617994e+00 1.055000e-02
838 3.141593e+00 9.455000e-03
838 3.665191e+00 8.485000e-03
838 4.188790e+00 1.044300e-02
838 4.712389e+00 9.479000e-03
838 5.235988e+00 8.547000e-03
838 5.759587e+00 1.075800e-02
838 6.283185e+00 1.462400e-02
1667 0.000000e+00 4.999200e-02
1667 5.235988e-01 2.145700e-02
1667 1.047198e+00 2.012600e-02
1667 1.570796e+00 1.971000e-02
1667 2.094395e+00 2.104600e-02
1667 2.617994e+00 1.966600e-02
1667 3.141593e+00 1.830200e-02
1667 3.665191e+00 2.160200e-02
1667 4.188790e+00 2.086100e-02
1667 4.712389e+00 1.865200e-02
1667 5.235988e+00 2.101100e-02
1667 5.759587e+00 2.068500e-02
1667 6.283185e+00 1.863500e-02
1667 0.000000e+00 5.256500e-02
1667 5.235988e-01 2.155100e-02
1667 1.047198e+00 1.997800e-02
1667 1.570796e+00 1.879600e-02
1667 2.094395e+00 2.108000e-02
1667 2.617994e+00 1.995500e-02
1667 3.141593e+00 1.864500e-02
1667 3.665191e+00 2.157200e-02
1667 4.188790e+00 2.128400e-02
1667 4.712389e+00 1.808700e-02
1667 5.235988e+00 2.191800e-02
1667 5.759587e+00 1.996800e-02
1667 6.283185e+00 1.936200e-02
1667 0.000000e+00 2.967100e-02
1667 5.235988e-01 2.322800e-02
1667 1.047198e+00 2.105100e-02
1667 1.570796e+00 2.007700e-02
1667 2.094395e+00 2.007700e-02
1667 2.617994e+00 1.950100e-02
1667 3.141593e+00 1.980700e-02
1667 3.665191e+00 1.966300e-02
1667 4.188790e+00 2.083700e-02
1667 4.712389e+00 2.039200e-02
1667 5.235988e+00 1.972900e-02
1667 5.759587e+00 2.086500e-02
1667 6.283185e+00 2.212000e-02
1667 0.000000e+00 4.907600e-02
1667 5.235988e-01 2.157600e-02
1667 1.047198e+00 1.967900e-02
1667 1.570796e+00 1.890000e-02
1667 2.094395e+00 2.119100e-02
1667 2.617994e+00 1.949700e-02
1667 3.141593e+00 1.891200e-02
1667 3.665191e+00 2.179400e-02
1667 4.188790e+00 2.000400e-02
1667 4.712389e+00 1.839100e-02
1667 5.235988e+00 2.201300e-02
1667 5.759587e+00 2.010500e-02
1667 6.283185e+00 1.860200e-02
1667 0.000000e+00 2.962700e-02
1667 5.235988e-01 2.261000e-02
1667 1.047198e+00 2.307600e-02
1667 1.570796e+00 2.175700e-02
1667 2.094395e+00 2.064200e-02
1667 2.617994e+00 1.934500e-02
1667 3.141593e+00 2.006600e-02
1667 3.665191e+00 2.054500e-02
1667 4.188790e+00 2.034500e-02
1667 4.712389e+00 2.628300e-02
1667 5.235988e+00 3.319300e-02
1667 5.759587e+00 2.168600e-02
1667 6.283185e+00 1.900700e-02
1667 0.000000e+00 3.816900e-02
1667 5.235988e-01 2.255400e-02
1667 1.047198e+00 1.975700e-02
1667 1.570796e+00 2.008600e-02
1667 2.094395e+00 2.002400e-02
1667 2.617994e+00 2.170500e-02
1667 3.141593e+00 1.960300e-02
1667 3.665191e+00 2.084100e-02
1667 4.188790e+00 3.030700e-02
1667 4.712389e+00 2.105700e-02
1667 5.235988e+00 3.001300e-02
1667 5.759587e+00 2.018000e-02
1667 6.283185e+00 1.869900e-02
1667 0.000000e+00 4.083400e-02
1667 5.235988e-01 2.137700e-02
1667 1.047198e+00 1.910600e-02
1667 1.570796e+00 2.046600e-02
1667 2.094395e+00 2.166100e-02
1667 2.617994e+00 1.877300e-02
1667 3.141593e+00 2.027100e-02
1667 3.665191e+00 2.086200e-02
1667 4.188790e+00 1.878400e-02
1667 4.712389e+00 1.949400e-02
1667 5.235988e+00 2.114300e-02
1667 5.759587e+00 1.886100e-02
1667 6.283185e+00 2.008200e-02
4424 0.000000e+00 8.446800e-02
4424 5.235988e-01 6.207700e-02
4424 1.047198e+00 6.046700e-02
4424 1.570796e+00 6.173700e-02
4424 2.094395e+00 6.456400e-02
4424 2.617994e+00 6.127300e-02
4424 3.141593e+00 5.963400e-02
4424 3.665191e+00 6.130300e-02
4424 4.188790e+00 6.027100e-02
4424 4.712389e+00 6.320000e-02
4424 5.235988e+00 6.487200e-02
4424 5.759587e+00 6.528500e-02
4424 6.283185e+00 6.087100e-02
4424 0.000000e+00 7.818200e-02
4424 5.235988e-01 6.470100e-02
4424 1.047198e+00 5.910900e-02
4424 1.570796e+00 6.512600e-02
4424 2.094395e+00 6.211200e-02
4424 2.617994e+00 6.174600e-02
4424 3.141593e+00 6.051800e-02
4424 3.665191e+00 6.489600e-02
4424 4.188790e+00 6.348500e-02
4424 4.712389e+00 6.594000e-02
4424 5.235988e+00 6.572600e-02
4424 5.759587e+00 6.214700e-02
4424 6.283185e+00 5.924900e-02
4424 0.000000e+00 8.277900e-02
4424 5.235988e-01 6.594800e-02
4424 1.047198e+00 6.121300e-02
4424 1.570796e+00 6.159500e-02
4424 2.094395e+00 6.294400e-02
4424 2.617994e+00 6.388900e-02
4424 3.141593e+00 6.067300e-02
4424 3.665191e+00 6.430000e-02
4424 4.188790e+00 6.160000e-02
4424 4.712389e+00 6.205200e-02
4424 5.235988e+00 5.928300e-02
4424 5.759587e+00 6.135100e-02
4424 6.283185e+00 6.403200e-02
4424 0.000000e+00 7.792500e-02
4424 5.235988e-01 6.591500e-02
4424 1.047198e+00 6.359200e-02
4424 1.570796e+00 6.378500e-02
4424 2.094395e+00 6.385300e-02
4424 2.617994e+00 6.372700e-02
4424 3.141593e+00 5.999700e-02
4424 3.665191e+00 6.276400e-02
4424 4.188790e+00 6.269400e-02
4424 4.712389e+00 6.059200e-02
4424 5.235988e+00 6.130200e-02
4424 5.759587e+00 6.387000e-02
4424 6.283185e+00 6.236400e-02
4424 0.000000e+00 7.813800e-02
4424 5.235988e-01 6.535700e-02
4424 1.047198e+00 5.891700e-02
4424 1.570796e+00 6.135100e-02
4424 2.094395e+00 6.266400e-02
4424 2.617994e+00 6.043800e-02
4424 3.141593e+00 6.091500e-02
4424 3.665191e+00 6.664900e-02
4424 4.188790e+00 6.240900e-02
4424 4.712389e+00 5.917600e-02
4424 5.235988e+00 6.181100e-02
4424 5.759587e+00 6.071100e-02
4424 6.283185e+00 6.118500e-02
4424 0.000000e+00 8.137000e-02
4424 5.235988e-01 6.459800e-02
4424 1.047198e+00 6.350500e-02
4424 1.570796e+00 6.013700e-02
4424 2.094395e+00 6.081400e-02
4424 2.617994e+00 6.328100e-02
4424 3.141593e+00 6.479300e-02
4424 3.665191e+00 6.412400e-02
4424 4.188790e+00 6.112600e-02
4424 4.712389e+00 5.952000e-02
4424 5.235988e+00 6.349100e-02
4424 5.759587e+00 6.449100e-02
4424 6.283185e+00 6.096800e-02
4424 0.000000e+00 8.016200e-02
4424 5.235988e-01 6.331300e-02
4424 1.047198e+00 6.201600e-02
4424 1.570796e+00 6.111400e-02
4424 2.094395e+00 6.315100e-02
4424 2.617994e+00 6.097100e-02
4424 3.141593e+00 6.306400e-02
4424 3.665191e+00 6.105200e-02
4424 4.188790e+00 5.913000e-02
4424 4.712389e+00 6.115100e-02
4424 5.235988e+00 6.060000e-02
4424 5.759587e+00 6.203400e-02
4424 6.283185e+00 6.185600e-02
14608 0.000000e+00 3.269070e-01
14608 5.235988e-01 2.833860e-01
14608 1.047198e+00 2.845620e-01
14608 1.570796e+00 2.840740e-01
14608 2.094395e+00 2.798400e-01
14608 2.617994e+00 2.816770e-01
14608 3.141593e+00 2.768960e-01
14608 3.665191e+00 2.787210e-01
14608 4.188790e+00 2.854240e-01
14608 4.712389e+00 2.833810e-01
14608 5.235988e+00 2.805290e-01
14608 5.759587e+00 2.805620e-01
14608 6.283185e+00 2.811240e-01
14608 0.000000e+00 3.254740e-01
14608 5.235988e-01 2.836620e-01
14608 1.047198e+00 2.799390e-01
14608 1.570796e+00 2.839400e-01
14608 2.094395e+00 2.778010e-01
14608 2.617994e+00 2.771490e-01
14608 3.141593e+00 2.813690e-01
14608 3.665191e+00 2.758750e-01
14608 4.188790e+00 2.819250e-01
14608 4.712389e+00 2.828770e-01
14608 5.235988e+00 2.803370e-01
14608 5.759587e+00 2.839010e-01
14608 6.283185e+00 2.794850e-01
14608 0.000000e+00 3.313050e-01
14608 5.235988e-01 2.914990e-01
14608 1.047198e+00 3.068890e-01
14608 1.570796e+00 2.874200e-01
14608 2.094395e+00 3.250280e-01
14608 2.617994e+00 2.812210e-01
14608 3.141593e+00 3.510710e-01
14608 3.665191e+00 3.139870e-01
14608 4.188790e+00 2.945550e-01
14608 4.712389e+00 3.011560e-01
14608 5.235988e+00 2.834240e-01
14608 5.759587e+00 2.947600e-01
14608 6.283185e+00 2.833530e-01
14608 0.000000e+00 3.311900e-01
14608 5.235988e-01 2.947060e-01
14608 1.047198e+00 2.927930e-01
14608 1.570796e+00 2.972100e-01
14608 2.094395e+00 2.848090e-01
14608 2.617994e+00 2.839170e-01
14608 3.141593e+00 2.876740e-01
14608 3.665191e+00 2.789290e-01
14608 4.188790e+00 2.912400e-01
14608 4.712389e+00 2.808050e-01
14608 5.235988e+00 2.874430e-01
14608 5.759587e+00 2.849850e-01
14608 6.283185e+00 2.842180e-01
14608 0.000000e+00 3.386970e-01
14608 5.235988e-01 2.914780e-01
14608 1.047198e+00 2.862820e-01
14608 1.570796e+00 2.903880e-01
14608 2.094395e+00 2.844630e-01
14608 2.617994e+00 2.903530e-01
14608 3.141593e+00 2.842640e-01
14608 3.665191e+00 2.819120e-01
14608 4.188790e+00 2.896330e-01
14608 4.712389e+00 2.905900e-01
14608 5.235988e+00 2.840970e-01
14608 5.759587e+00 2.849630e-01
14608 6.283185e+00 2.831890e-01
14608 0.000000e+00 3.317890e-01
14608 5.235988e-01 2.928070e-01
14608 1.047198e+00 2.897800e-01
14608 1.570796e+00 2.872760e-01
14608 2.094395e+00 2.819210e-01
14608 2.617994e+00 2.868500e-01
14608 3.141593e+00 2.821050e-01
14608 3.665191e+00 2.783770e-01
14608 4.188790e+00 2.931610e-01
14608 4.712389e+00 2.868810e-01
14608 5.235988e+00 2.808300e-01
14608 5.759587e+00 2.851890e-01
14608 6.283185e+00 2.837240e-01
400 0.000000e+00 1.938900e-02
400 7.853982e-01 1.425400e-02
400 1.308997e+00 5.191000e-03
400 1.832596e+00 4.751000e-03
400 2.356194e+00 4.435000e-03
400 2.879793e+00 4.200000e-03
400 3.403392e+00 4.167000e-03
400 3.926991e+00 4.116000e-03
400 4.450590e+00 4.329000e-03
400 4.974188e+00 3.843000e-03
400 5.497787e+00 3.938000e-03
400 6.021386e+00 3.693000e-03
400 0.000000e+00 1.925800e-02
400 7.853982e-01 1.336800e-02
400 1.308997e+00 6.937000e-03
400 1.832596e+00 5.515000e-03
400 2.356194e+00 4.464000e-03
400 2.879793e+00 4.087000e-03
400 3.403392e+00 4.693000e-03
400 3.926991e+00 4.307000e-03
400 4.450590e+00 4.490000e-03
400 4.974188e+00 3.795000e-03
400 5.497787e+00 3.546000e-03
400 6.021386e+00 3.649000e-03
400 6.544985e+00 3.570000e-03
400 0.000000e+00 4.736000e-03
400 7.853982e-01 3.963000e-03
400 1.308997e+00 3.666000e-03
400 1.832596e+00 3.669000e-03
400 2.356194e+00 3.615000e-03
400 2.879793e+00 3.582000e-03
400 3.403392e+00 3.528000e-03
400 3.926991e+00 3.652000e-03
400 4.450590e+00 4.331000e-03
400 4.974188e+00 4.347000e-03
400 5.497787e+00 3.982000e-03
400 6.021386e+00 3.963000e-03
400 6.544985e+00 3.618000e-03
400 0.000000e+00 4.181000e-03
400 7.853982e-01 3.545000e-03
400 1.308997e+00 3.801000e-03
400 1.832596e+00 3.968000e-03
400 2.356194e+00 3.674000e-03
400 2.879793e+00 3.916000e-03
400 3.403392e+00 3.562000e-03
400 3.926991e+00 3.544000e-03
400 4.450590e+00 3.679000e-03
400 4.974188e+00 3.502000e-03
400 5.497787e+00 3.610000e-03
400 6.021386e+00 3.424000e-03
400 6.544985e+00 3.959000e-03
400 0.000000e+00 4.529000e-03
400 7.853982e-01 3.546000e-03
400 1.308997e+00 3.631000e-03
400 1.832596e+00 3.684000e-03
400 2.356194e+00 3.531000e-03
400 2.879793e+00 4.073000e-03
400 3.403392e+00 4.425000e-03
400 3.926991e+00 3.797000e-03
400 4.450590e+00 4.015000e-03
400 4.974188e+00 3.656000e-03
400 5.497787e+00 3.551000e-03
400 6.021386e+00 3.585000e-03
400 6.544985e+00 3.316000e-03
400 0.000000e+00 4.994000e-03
400 7.853982e-01 4.057000e-03
400 1.308997e+00 3.703000e-03
400 1.832596e+00 3.548000e-03
400 2.356194e+00 3.572000e-03
400 2.879793e+00 3.502000e-03
400 3.403392e+00 3.346000e-03
400 3.926991e+00 3.581000e-03
400 4.450590e+00 3.695000e-03
400 4.974188e+00 4.802000e-03
400 5.497787e+00 3.570000e-03
400 6.021386e+00 3.674000e-03
400 6.544985e+00 3.563000e-03
400 0.000000e+00 4.195000e-03
400 7.853982e-01 3.559000e-03
400 1.308997e+00 4.069000e-03
400 1.832596e+00 4.657000e-03
400 2.356194e+00 3.536000e-03
400 2.879793e+00 3.539000e-03
400 3.403392e+00 3.653000e-03
400 3.926991e+00 3.495000e-03
400 4.450590e+00 3.750000e-03
400 4.974188e+00 3.508000e-03
400 5.497787e+00 3.937000e-03
400 6.021386e+00 4.803000e-03
400 6.544985e+00 3.857000e-03
400 0.000000e+00 4.214000e-03
400 7.853982e-01 3.602000e-03
400 1.308997e+00 3.634000e-03
400 1.832596e+00 3.504000e-03
400 2.356194e+00 3.577000e-03
400 2.879793e+00 3.485000e-03
400 3.403392e+00 4.262000e-03
400 3.926991e+00 3.694000e-03
400 4.450590e+00 3.692000e-03
400 4.974188e+00 3.356000e-03
400 5.497787e+00 3.464000e-03
400 6.021386e+00 3.411000e-03
400 6.544985e+00 3.313000e-03
838 0.000000e+00 1.834400e-02
838 7.853982e-01 1.641700e-02
838 1.308997e+00 1.036800e-02
838 1.832596e+00 1.012300e-02
838 2.356194e+00 1.115600e-02
838 2.879793e+00 9.570000e-03
838 3.403392e+00 1.071600e-02
838 3.926991e+00 1.076500e-02
838 4.450590e+00 9.575000e-03
838 4.974188e+00 1.070800e-02
838 5.497787e+00 1.122000e-02
838 6.021386e+00 9.024000e-03
838 6.544985e+00 1.014600e-02
838 0.000000e+00 1.230500e-02
838 7.853982e-01 1.035300e-02
838 1.308997e+00 9.718000e-03
838 1.832596e+00 1.094300e-02
838 2.356194e+00 9.788000e-03
838 2.879793e+00 8.922000e-03
838 3.403392e+00 1.116100e-02
838 3.926991e+00 9.795000e-03
838 4.450590e+00 8.682000e-03
838 4.974188e+00 1.040600e-02
838 5.497787e+00 9.422000e-03
838 6.021386e+00 8.921000e-03
838 6.544985e+00 1.319800e-02
838 0.000000e+00 1.051700e-02
838 7.853982e-01 1.094500e-02
838 1.308997e+00 9.566000e-03
838 1.832596e+00 9.737000e-03
838 2.356194e+00 1.022600e-02
838 2.879793e+00 9.584000e-03
838 3.403392e+00 9.597000e-03
838 3.926991e+00 1.188000e-02
838 4.450590e+00 8.957000e-03
838 4.974188e+00 9.561000e-03
838 5.497787e+00 1.040200e-02
838 6.021386e+00 9.782000e-03
838 6.544985e+00 9.904000e-03
838 0.000000e+00 1.186500e-02
838 7.853982e-01 9.818000e-03
838 1.308997e+00 8.862000e-03
838 1.832596e+00 1.012700e-02
838 2.356194e+00 1.034600e-02
838 2.879793e+00 8.943000e-03
838 3.403392e+00 1.049800e-02
838 3.926991e+00 1.044000e-02
838 4.450590e+00 8.945000e-03
838 4.974188e+00 1.040400e-02
838 5.497787e+00 1.054700e-02
838 6.021386e+00 8.764000e-03
838 6.544985e+00 1.011000e-02
838 0.000000e+00 1.096000e-02
838 7.853982e-01 9.852000e-03
838 1.308997e+00 1.170800e-02
838 1.832596e+00 1.123200e-02
838 2.356194e+00 1.071600e-02
838 2.879793e+00 1.028500e-02
838 3.403392e+00 1.011500e-02
838 3.926991e+00 1.011800e-02
838 4.450590e+00 1.088100e-02
838 4.974188e+00 1.007300e-02
838 5.497787e+00 1.005900e-02
838 6.021386e+00 1.123300e-02
838 6.544985e+00 1.002000e-02
838 0.000000e+00 1.157000e-02
838 7.853982e-01 1.064400e-02
838 1.308997e+00 9.110000e-03
838 1.832596e+00 1.025100e-02
838 2.356194e+00 1.026700e-02
838 2.879793e+00 8.845000e-03
838 3.403392e+00 1.000700e-02
838 3.926991e+00 1.189000e-02
838 4.450590e+00 9.281000e-03
838 4.974188e+00 1.100600e-02
838 5.497787e+00 1.044000e-02
838 6.021386e+00 9.022000e-03
838 6.544985e+00 1.039700e-02
838 0.000000e+00 1.081300e-02
838 7.853982e-01 9.902000e-03
838 1.308997e+00 1.049500e-02
838 1.832596e+00 1.064600e-02
838 2.356194e+00 1.014500e-02
838 2.879793e+00 1.078800e-02
838 3.403392e+00 1.011700e-02
838 3.926991e+00 1.009300e-02
838 4.450590e+00 1.048000e-02
838 4.974188e+00 9.850000e-03
838 5.497787e+00 9.365000e-03
838 6.021386e+00 9.313000e-03
838 6.544985e+00 1.185100e-02
1667 0.000000e+00 2.857200e-02
1667 7.853982e-01 2.190900e-02
1667 1.308997e+00 2.092400e-02
1667 1.832596e+00 2.042100e-02
1667 2.356194e+00 1.958400e-02
1667 2.879793e+00 2.190900e-02
1667 3.403392e+00 2.090800e-02
1667 3.926991e+00 2.061400e-02
1667 4.450590e+00 2.055800e-02
1667 4.974188e+00 2.095500e-02
1667 5.497787e+00 1.967600e-02
1667 6.021386e+00 2.136400e-02
1667 6.544985e+00 2.026600e-02
1667 0.000000e+00 2.227800e-02
1667 7.853982e-01 1.976700e-02
1667 1.308997e+00 2.119200e-02
1667 1.832596e+00 1.981900e-02
1667 2.356194e+00 2.005700e-02
1667 2.879793e+00 2.030600e-02
1667 3.403392e+00 2.022000e-02
1667 3.926991e+00 1.973100e-02
1667 4.450590e+00 2.088400e-02
1667 4.974188e+00 1.882400e-02
1667 5.497787e+00 2.094100e-02
1667 6.021386e+00 2.153500e-02
1667 6.544985e+00 1.932900e-02
1667 0.000000e+00 2.308500e-02
1667 7.853982e-01 2.034800e-02
1667 1.308997e+00 1.935300e-02
1667 1.832596e+00 2.114900e-02
1667 2.356194e+00 2.109900e-02
1667 2.879793e+00 2.001000e-02
1667 3.403392e+00 2.032700e-02
1667 3.926991e+00 2.061600e-02
1667 4.450590e+00 2.021000e-02
1667 4.974188e+00 2.088400e-02
1667 5.497787e+00 1.965500e-02
1667 6.021386e+00 1.922500e-02
1667 6.544985e+00 2.072100e-02
1667 0.000000e+00 2.328200e-02
1667 7.853982e-01 2.089900e-02
1667 1.308997e+00 1.872300e-02
1667 1.832596e+00 2.050300e-02
1667 2.356194e+00 2.111000e-02
1667 2.879793e+00 1.904400e-02
1667 3.403392e+00 2.056000e-02
1667 3.926991e+00 1.896800e-02
1667 4.450590e+00 1.911900e-02
1667 4.974188e+00 2.104500e-02
1667 5.497787e+00 1.863700e-02
1667 6.021386e+00 2.021000e-02
1667 6.544985e+00 1.959000e-02
1667 0.000000e+00 2.259600e-02
1667 7.853982e-01 1.914400e-02
1667 1.308997e+00 2.151000e-02
1667 1.832596e+00 2.073200e-02
1667 2.356194e+00 1.928300e-02
1667 2.879793e+00 2.065100e-02
1667 3.403392e+00 1.939000e-02
1667 3.926991e+00 2.004000e-02
1667 4.450590e+00 1.952300e-02
1667 4.974188e+00 1.826900e-02
1667 5.497787e+00 1.942100e-02
1667 6.021386e+00 1.946300e-02
1667 6.544985e+00 1.829800e-02
1667 0.000000e+00 2.335000e-02
1667 7.853982e-01 1.928400e-02
1667 1.308997e+00 1.837400e-02
1667 1.832596e+00 2.119200e-02
1667 2.356194e+00 1.995200e-02
1667 2.879793e+00 1.933100e-02
1667 3.403392e+00 1.962200e-02
1667 3.926991e+00 1.819200e-02
1667 4.450590e+00 2.272200e-02
1667 4.974188e+00 2.009800e-02
1667 5.497787e+00 1.919800e-02
1667 6.021386e+00 1.990900e-02
1667 6.544985e+00 1.984500e-02
1667 0.000000e+00 2.255600e-02
1667 7.853982e-01 1.969600e-02
1667 1.308997e+00 2.109400e-02
1667 1.832596e+00 2.067400e-02
1667 2.356194e+00 1.924900e-02
1667 2.879793e+00 2.027900e-02
1667 3.403392e+00 1.881500e-02
1667 3.926991e+00 2.269800e-02
1667 4.450590e+00 2.596300e-02
1667 4.974188e+00 2.186700e-02
1667 5.497787e+00 2.138100e-02
1667 6.021386e+00 2.113100e-02
1667 6.544985e+00 2.008000e-02
4424 0.000000e+00 8.801400e-02
4424 7.853982e-01 6.422100e-02
4424 1.308997e+00 6.387300e-02
4424 1.832596e+00 5.969500e-02
4424 2.356194e+00 5.800100e-02
4424 2.879793e+00 6.107200e-02
4424 3.403392e+00 6.230200e-02
4424 3.926991e+00 5.847200e-02
4424 4.450590e+00 6.165100e-02
4424 4.974188e+00 6.277600e-02
4424 5.497787e+00 6.122100e-02
4424 6.021386e+00 6.116400e-02
4424 6.544985e+00 6.100600e-02
4424 0.000000e+00 7.274700e-02
4424 7.853982e-01 6.073400e-02
4424 1.308997e+00 6.238400e-02
4424 1.832596e+00 6.247400e-02
4424 2.356194e+00 5.860500e-02
4424 2.879793e+00 6.278200e-02
4424 3.403392e+00 6.017000e-02
4424 3.926991e+00 5.885500e-02
4424 4.450590e+00 6.264000e-02
4424 4.974188e+00 5.969900e-02
4424 5.497787e+00 5.993700e-02
4424 6.021386e+00 5.907700e-02
4424 6.544985e+00 6.948100e-02
4424 0.000000e+00 7.461700e-02
4424 7.853982e-01 6.307000e-02
4424 1.308997e+00 6.246300e-02
4424 1.832596e+00 5.926800e-02
4424 2.356194e+00 5.903400e-02
4424 2.879793e+00 6.171200e-02
4424 3.403392e+00 5.936200e-02
4424 3.926991e+00 6.131700e-02
4424 4.450590e+00 6.225300e-02
4424 4.974188e+00 6.091300e-02
4424 5.497787e+00 6.135000e-02
4424 6.021386e+00 6.209700e-02
4424 6.544985e+00 6.257000e-02
4424 0.000000e+00 7.084300e-02
4424 7.853982e-01 6.160000e-02
4424 1.308997e+00 6.033000e-02
4424 1.832596e+00 6.187800e-02
4424 2.356194e+00 6.205400e-02
4424 2.879793e+00 6.165700e-02
4424 3.403392e+00 6.214900e-02
4424 3.926991e+00 6.068500e-02
4424 4.450590e+00 6.117200e-02
4424 4.974188e+00 5.954800e-02
4424 5.497787e+00 5.989800e-02
4424 6.021386e+00 6.273200e-02
4424 6.544985e+00 6.394300e-02
4424 0.000000e+00 7.365400e-02
4424 7.853982e-01 6.637200e-02
4424 1.308997e+00 5.950100e-02
4424 1.832596e+00 6.039000e-02
4424 2.356194e+00 5.936000e-02
4424 2.879793e+00 6.098100e-02
4424 3.403392e+00 5.907500e-02
4424 3.926991e+00 6.304400e-02
4424 4.450590e+00 6.007800e-02
4424 4.974188e+00 6.051600e-02
4424 5.497787e+00 6.010100e-02
4424 6.021386e+00 5.973700e-02
4424 6.544985e+00 6.055000e-02
4424 0.000000e+00 7.623000e-02
4424 7.853982e-01 6.367400e-02
4424 1.308997e+00 5.979800e-02
4424 1.832596e+00 5.981700e-02
4424 2.356194e+00 6.444200e-02
4424 2.879793e+00 6.185400e-02
4424 3.403392e+00 5.922600e-02
4424 3.926991e+00 6.037600e-02
4424 4.450590e+00 6.213600e-02
4424 4.974188e+00 5.952200e-02
4424 5.497787e+00 6.149500e-02
4424 6.021386e+00 6.089100e-02
4424 6.544985e+00 6.075300e-02
4424 0.000000e+00 7.625200e-02
4424 7.853982e-01 6.238700e-02
4424 1.308997e+00 6.113000e-02
4424 1.832596e+00 5.945600e-02
4424 2.356194e+00 5.974600e-02
4424 2.879793e+00 5.981600e-02
4424 3.403392e+00 6.340100e-02
4424 3.926991e+00 6.097600e-02
4424 4.450590e+00 6.317500e-02
4424 4.974188e+00 6.341000e-02
4424 5.497787e+00 6.024400e-02
4424 6.021386e+00 6.221400e-02
4424 6.544985e+00 6.243100e-02
14608 0.000000e+00 3.322100e-01
14608 7.853982e-01 2.848630e-01
14608 1.308997e+00 2.779980e-01
14608 1.832596e+00 2.828660e-01
14608 2.356194e+00 2.766450e-01
14608 2.879793e+00 2.810540e-01
14608 3.403392e+00 2.802640e-01
14608 3.926991e+00 2.761000e-01
14608 4.450590e+00 2.828330e-01
14608 4.974188e+00 2.777820e-01
14608 5.497787e+00 2.869520e-01
14608 6.021386e+00 2.762200e-01
14608 6.544985e+00 2.878140e-01
14608 0.000000e+00 3.250120e-01
14608 7.853982e-01 2.906710e-01
14608 1.308997e+00 2.854910e-01
14608 1.832596e+00 2.835120e-01
14608 2.356194e+00 2.834260e-01
14608 2.879793e+00 2.846040e-01
14608 3.403392e+00 2.890790e-01
14608 3.926991e+00 2.809070e-01
14608 4.450590e+00 2.876490e-01
14608 4.974188e+00 2.904460e-01
14608 5.497787e+00 2.795360e-01
14608 6.021386e+00 2.837160e-01
14608 6.544985e+00 2.834420e-01
14608 0.000000e+00 3.426790e-01
14608 7.853982e-01 2.867270e-01
14608 1.308997e+00 2.852520e-01
14608 1.832596e+00 2.862160e-01
14608 2.356194e+00 2.851830e-01
14608 2.879793e+00 2.867880e-01
14608 3.403392e+00 2.813600e-01
14608 3.926991e+00 2.791590e-01
14608 4.450590e+00 2.835630e-01
14608 4.974188e+00 2.838000e-01
14608 5.497787e+00 2.855630e-01
14608 6.021386e+00 2.809720e-01
14608 6.544985e+00 2.853540e-01
14608 0.000000e+00 3.336320e-01
14608 7.853982e-01 2.869750e-01
14608 1.308997e+00 2.781090e-01
14608 1.832596e+00 2.770970e-01
14608 2.356194e+00 2.787310e-01
14608 2.879793e+00 2.807070e-01
14608 3.403392e+00 2.808220e-01
14608 3.926991e+00 2.849800e-01
14608 4.450590e+00 2.831710e-01
14608 4.974188e+00 2.872480e-01
14608 5.497787e+00 2.787180e-01
14608 6.021386e+00 2.858120e-01
14608 6.544985e+00 2.804430e-01
14608 0.000000e+00 3.311730e-01
14608 7.853982e-01 2.871440e-01
14608 1.308997e+00 2.850170e-01
14608 1.832596e+00 2.846100e-01
14608 2.356194e+00 2.817750e-01
14608 2.879793e+00 2.843310e-01
14608 3.403392e+00 2.865760e-01
14608 3.926991e+00 2.849530e-01
14608 4.450590e+00 2.936910e-01
14608 4.974188e+00 2.784430e-01
14608 5.497787e+00 2.863640e-01
14608 6.021386e+00 3.028490e-01
14608 6.544985e+00 2.898380e-01
14608 0.000000e+00 4.176640e-01
14608 7.853982e-01 3.306470e-01
14608 1.308997e+00 3.097320e-01
14608 1.832596e+00 2.825270e-01
14608 2.356194e+00 2.761800e-01
14608 2.879793e+00 2.896080e-01
14608 3.403392e+00 2.782510e-01
14608 3.926991e+00 2.847580e-01
14608 4.450590e+00 2.802280e-01
14608 4.974188e+00 2.809800e-01
14608 5.497787e+00 2.801240e-01
14608 6.021386e+00 2.777540e-01
14608 6.544985e+00 2.842460e-01
14608 0.000000e+00 3.250200e-01
14608 7.853982e-01 2.848790e-01
14608 1.308997e+00 2.803320e-01
14608 1.832596e+00 2.796130e-01
14608 2.356194e+00 2.780230e-01
14608 2.879793e+00 2.839610e-01
14608 3.403392e+00 2.821280e-01
14608 3.926991e+00 2.794530e-01
14608 4.450590e+00 2.863760e-01
14608 4.974188e+00 2.838960e-01
14608 5.497787e+00 2.824650e-01
14608 6.021386e+00 2.822350e-01
14608 6.544985e+00 2.802310e-01
