400 8.726646e-03 4.721000e-03
400 1.745329e-02 4.477000e-03
400 2.617994e-02 4.229000e-03
400 3.490659e-02 4.181000e-03
400 4.363323e-02 4.617000e-03
400 5.235988e-02 4.602000e-03
400 6.108652e-02 4.054000e-03
400 6.981317e-02 4.039000e-03
400 7.853982e-02 3.924000e-03
400 8.726646e-02 3.838000e-03
400 8.726646e-03 4.581000e-03
400 1.745329e-02 3.779000e-03
400 2.617994e-02 3.506000e-03
400 3.490659e-02 3.544000e-03
400 4.363323e-02 3.513000e-03
400 5.235988e-02 3.473000e-03
400 6.108652e-02 3.525000e-03
400 6.981317e-02 3.685000e-03
400 7.853982e-02 4.228000e-03
400 8.726646e-02 4.083000e-03
400 8.726646e-03 3.583000e-03
400 1.745329e-02 3.599000e-03
400 2.617994e-02 3.653000e-03
400 3.490659e-02 3.953000e-03
400 4.363323e-02 3.834000e-03
400 5.235988e-02 5.294000e-03
400 6.108652e-02 4.345000e-03
400 6.981317e-02 3.738000e-03
400 7.853982e-02 3.621000e-03
400 8.726646e-02 3.584000e-03
400 8.726646e-03 3.646000e-03
400 1.745329e-02 3.520000e-03
400 2.617994e-02 3.732000e-03
400 3.490659e-02 4.006000e-03
400 4.363323e-02 3.520000e-03
400 5.235988e-02 3.554000e-03
400 6.108652e-02 3.699000e-03
400 6.981317e-02 4.542000e-03
400 7.853982e-02 4.349000e-03
400 8.726646e-02 3.873000e-03
400 8.726646e-03 3.531000e-03
400 1.745329e-02 3.556000e-03
400 2.617994e-02 3.448000e-03
400 3.490659e-02 3.529000e-03
400 4.363323e-02 3.818000e-03
400 5.235988e-02 4.471000e-03
400 6.108652e-02 3.465000e-03
400 6.981317e-02 3.573000e-03
400 7.853982e-02 3.455000e-03
400 8.726646e-02 3.323000e-03
838 8.726646e-03 9.710000e-03
838 1.745329e-02 9.139000e-03
838 2.617994e-02 9.018000e-03
838 3.490659e-02 1.032500e-02
838 4.363323e-02 8.814000e-03
838 5.235988e-02 8.289000e-03
838 6.108652e-02 1.034200e-02
838 6.981317e-02 8.301000e-03
838 7.853982e-02 8.727000e-03
838 8.726646e-02 9.826000e-03
838 8.726646e-03 8.421000e-03
838 1.745329e-02 9.275000e-03
838 2.617994e-02 9.254000e-03
838 3.490659e-02 8.470000e-03
838 4.363323e-02 8.814000e-03
838 5.235988e-02 9.726000e-03
838 6.108652e-02 8.644000e-03
838 6.981317e-02 8.213000e-03
838 7.853982e-02 1.032200e-02
838 8.726646e-02 9.071000e-03
838 8.726646e-03 1.021600e-02
838 1.745329e-02 9.015000e-03
838 2.617994e-02 8.497000e-03
838 3.490659e-02 1.022400e-02
838 4.363323e-02 8.594000e-03
838 5.235988e-02 8.280000e-03
838 6.108652e-02 9.003000e-03
838 6.981317e-02 1.001900e-02
838 7.853982e-02 8.685000e-03
838 8.726646e-02 9.020000e-03
838 8.726646e-03 9.032000e-03
838 1.745329e-02 9.073000e-03
838 2.617994e-02 1.016800e-02
838 3.490659e-02 8.962000e-03
838 4.363323e-02 8.450000e-03
838 5.235988e-02 9.304000e-03
838 6.108652e-02 9.619000e-03
838 6.981317e-02 8.382000e-03
838 7.853982e-02 9.856000e-03
838 8.726646e-02 1.040100e-02
838 8.726646e-03 9.320000e-03
838 1.745329e-02 8.374000e-03
838 2.617994e-02 9.009000e-03
838 3.490659e-02 8.905000e-03
838 4.363323e-02 9.788000e-03
838 5.235988e-02 8.450000e-03
838 6.108652e-02 8.665000e-03
838 6.981317e-02 1.053200e-02
838 7.853982e-02 9.040000e-03
838 8.726646e-02 8.936000e-03
1667 8.726646e-03 1.944000e-02
1667 1.745329e-02 1.993500e-02
1667 2.617994e-02 2.125600e-02
1667 3.490659e-02 2.005800e-02
1667 4.363323e-02 1.822600e-02
1667 5.235988e-02 1.826500e-02
1667 6.108652e-02 1.858500e-02
1667 6.981317e-02 2.096600e-02
1667 7.853982e-02 1.935600e-02
1667 8.726646e-02 1.795400e-02
1667 8.726646e-03 1.817100e-02
1667 1.745329e-02 1.929100e-02
1667 2.617994e-02 2.076100e-02
1667 3.490659e-02 1.965600e-02
1667 4.363323e-02 1.928500e-02
1667 5.235988e-02 1.935300e-02
1667 6.108652e-02 1.981000e-02
1667 6.981317e-02 1.985600e-02
1667 7.853982e-02 2.071000e-02
1667 8.726646e-02 1.926800e-02
1667 8.726646e-03 1.865900e-02
1667 1.745329e-02 2.112500e-02
1667 2.617994e-02 1.899300e-02
1667 3.490659e-02 1.934200e-02
1667 4.363323e-02 1.916200e-02
1667 5.235988e-02 1.841400e-02
1667 6.108652e-02 1.952700e-02
1667 6.981317e-02 2.012400e-02
1667 7.853982e-02 1.957900e-02
1667 8.726646e-02 1.938900e-02
1667 8.726646e-03 1.929800e-02
1667 1.745329e-02 2.065300e-02
1667 2.617994e-02 1.886400e-02
1667 3.490659e-02 1.881600e-02
1667 4.363323e-02 1.833900e-02
1667 5.235988e-02 1.816400e-02
1667 6.108652e-02 1.945400e-02
1667 6.981317e-02 2.065900e-02
1667 7.853982e-02 1.981200e-02
1667 8.726646e-02 1.921100e-02
1667 8.726646e-03 1.736600e-02
1667 1.745329e-02 2.069500e-02
1667 2.617994e-02 1.924900e-02
1667 3.490659e-02 1.903700e-02
1667 4.363323e-02 1.838600e-02
1667 5.235988e-02 1.794200e-02
1667 6.108652e-02 1.927300e-02
1667 6.981317e-02 2.175700e-02
1667 7.853982e-02 1.999600e-02
1667 8.726646e-02 2.084300e-02
4424 8.726646e-03 5.870800e-02
4424 1.745329e-02 6.503300e-02
4424 2.617994e-02 6.024600e-02
4424 3.490659e-02 5.652500e-02
4424 4.363323e-02 6.083000e-02
4424 5.235988e-02 5.591800e-02
4424 6.108652e-02 5.770400e-02
4424 6.981317e-02 5.931900e-02
4424 7.853982e-02 5.773100e-02
4424 8.726646e-02 5.851700e-02
4424 8.726646e-03 6.065600e-02
4424 1.745329e-02 5.835600e-02
4424 2.617994e-02 5.836500e-02
4424 3.490659e-02 5.768900e-02
4424 4.363323e-02 6.085300e-02
4424 5.235988e-02 5.708800e-02
4424 6.108652e-02 5.728700e-02
4424 6.981317e-02 5.814100e-02
4424 7.853982e-02 6.001200e-02
4424 8.726646e-02 5.608500e-02
4424 8.726646e-03 5.703700e-02
4424 1.745329e-02 5.926100e-02
4424 2.617994e-02 5.746300e-02
4424 3.490659e-02 5.707600e-02
4424 4.363323e-02 5.799700e-02
4424 5.235988e-02 5.718700e-02
4424 6.108652e-02 5.568700e-02
4424 6.981317e-02 5.748000e-02
4424 7.853982e-02 5.682000e-02
4424 8.726646e-02 5.883900e-02
4424 8.726646e-03 5.929600e-02
4424 1.745329e-02 5.952900e-02
4424 2.617994e-02 5.852100e-02
4424 3.490659e-02 5.863400e-02
4424 4.363323e-02 6.012000e-02
4424 5.235988e-02 5.725300e-02
4424 6.108652e-02 5.608000e-02
4424 6.981317e-02 5.732300e-02
4424 7.853982e-02 5.723300e-02
4424 8.726646e-02 5.741100e-02
4424 8.726646e-03 5.800300e-02
4424 1.745329e-02 5.874700e-02
4424 2.617994e-02 5.896300e-02
4424 3.490659e-02 5.690700e-02
4424 4.363323e-02 6.231500e-02
4424 5.235988e-02 6.035600e-02
4424 6.108652e-02 5.649600e-02
4424 6.981317e-02 6.136400e-02
4424 7.853982e-02 6.014500e-02
4424 8.726646e-02 5.597400e-02
14608 8.726646e-03 2.641120e-01
14608 1.745329e-02 2.711050e-01
14608 2.617994e-02 2.678490e-01
14608 3.490659e-02 2.624370e-01
14608 4.363323e-02 2.653280e-01
14608 5.235988e-02 2.675720e-01
14608 6.108652e-02 2.669260e-01
14608 6.981317e-02 2.615720e-01
14608 7.853982e-02 2.702200e-01
14608 8.726646e-02 2.641380e-01
14608 8.726646e-03 2.736120e-01
14608 1.745329e-02 2.771510e-01
14608 2.617994e-02 2.718820e-01
14608 3.490659e-02 2.655270e-01
14608 4.363323e-02 2.644160e-01
14608 5.235988e-02 2.828080e-01
14608 6.108652e-02 2.654940e-01
14608 6.981317e-02 2.638810e-01
14608 7.853982e-02 2.740630e-01
14608 8.726646e-02 3.297680e-01
14608 8.726646e-03 2.646300e-01
14608 1.745329e-02 2.761290e-01
14608 2.617994e-02 2.762880e-01
14608 3.490659e-02 3.666880e-01
14608 4.363323e-02 3.084490e-01
14608 5.235988e-02 3.359800e-01
14608 6.108652e-02 2.746290e-01
14608 6.981317e-02 2.773210e-01
14608 7.853982e-02 2.913670e-01
14608 8.726646e-02 2.683070e-01
14608 8.726646e-03 2.723260e-01
14608 1.745329e-02 3.284260e-01
14608 2.617994e-02 3.036730e-01
14608 3.490659e-02 2.985680e-01
14608 4.363323e-02 2.904850e-01
14608 5.235988e-02 2.737990e-01
14608 6.108652e-02 2.626670e-01
14608 6.981317e-02 2.821140e-01
14608 7.853982e-02 2.732470e-01
14608 8.726646e-02 2.766200e-01
14608 8.726646e-03 2.629170e-01
14608 1.745329e-02 2.986140e-01
14608 2.617994e-02 2.875180e-01
14608 3.490659e-02 3.102580e-01
14608 4.363323e-02 3.378390e-01
14608 5.235988e-02 2.696250e-01
14608 6.108652e-02 2.774500e-01
14608 6.981317e-02 3.392280e-01
14608 7.853982e-02 2.910560e-01
14608 8.726646e-02 2.662680e-01
