3 0 -0.000000e+00 -3.215167e-06
3 0 5.000000e-01 -1.741603e-03
3 0 1.000000e+00 -3.632190e-03
3 0 1.500000e+00 -4.852369e-03
3 0 2.000000e+00 -5.423098e-03
3 0 2.500000e+00 -5.895142e-03
3 0 3.000000e+00 -6.254009e-03
3 0 3.500000e+00 -6.374622e-03
3 0 4.000000e+00 -6.403178e-03
3 0 4.500000e+00 -6.297615e-03
3 0 5.000000e+00 -6.021161e-03
3 0 5.500000e+00 -5.669461e-03
3 0 6.000000e+00 -5.219823e-03
3 0 6.500000e+00 -4.655695e-03
3 0 7.000000e+00 -4.040830e-03
3 0 7.500000e+00 -3.349766e-03
3 0 8.000000e+00 -2.590310e-03
3 0 8.500000e+00 -1.791317e-03
3 0 9.000000e+00 -9.320852e-04
3 0 9.500000e+00 -3.484274e-05
3 0 1.000000e+01 8.929001e-04
3 0 1.050000e+01 1.870468e-03
3 0 1.100000e+01 2.869737e-03
3 0 1.150000e+01 3.891072e-03
3 0 1.200000e+01 4.955948e-03
3 0 1.250000e+01 6.033514e-03
3 0 1.300000e+01 7.123449e-03
3 0 1.350000e+01 8.256451e-03
3 0 1.400000e+01 9.399426e-03
3 0 1.450000e+01 1.054303e-02
3 0 1.500000e+01 1.173026e-02
3 0 1.550000e+01 1.291959e-02
3 0 1.600000e+01 1.410690e-02
3 0 1.650000e+01 1.533611e-02
3 0 1.700000e+01 1.656153e-02
3 0 1.750000e+01 1.779073e-02
3 0 1.800000e+01 1.904492e-02
3 0 1.850000e+01 2.030154e-02
3 0 1.900000e+01 2.156587e-02
3 0 1.950000e+01 2.284170e-02
3 0 2.000000e+01 2.412481e-02
3 0 2.050000e+01 2.541790e-02
3 0 2.100000e+01 2.671467e-02
3 0 2.150000e+01 2.802131e-02
3 0 2.200000e+01 2.933874e-02
3 0 2.250000e+01 3.065563e-02
3 0 2.300000e+01 3.198044e-02
3 0 2.350000e+01 3.331904e-02
3 0 2.400000e+01 3.465763e-02
3 0 2.450000e+01 3.599791e-02
3 0 2.500000e+01 3.735981e-02
3 0 2.550000e+01 3.872071e-02
3 0 2.600000e+01 4.007635e-02
3 0 2.650000e+01 4.147334e-02
3 0 2.700000e+01 4.287159e-02
3 0 2.750000e+01 4.423222e-02
3 0 2.800000e+01 4.573674e-02
3 0 2.850000e+01 4.704712e-02
3 0 2.900000e+01 4.729602e-02
3 0 2.950000e+01 4.639680e-02
3 0 3.000000e+01 4.491159e-02
3 0 3.050000e+01 4.235838e-02
3 0 3.100000e+01 3.888296e-02
3 0 3.150000e+01 3.550965e-02
3 0 3.200000e+01 3.241318e-02
3 0 3.250000e+01 2.936174e-02
3 0 3.300000e+01 2.656880e-02
3 0 3.350000e+01 2.414083e-02
3 0 3.400000e+01 2.190084e-02
3 0 3.450000e+01 1.987332e-02
3 0 3.500000e+01 1.810265e-02
3 0 3.550000e+01 1.647187e-02
3 0 3.600000e+01 1.497986e-02
3 0 3.650000e+01 1.365541e-02
3 0 3.700000e+01 1.242304e-02
3 0 3.750000e+01 1.128319e-02
3 0 3.800000e+01 1.024720e-02
3 0 3.850000e+01 9.272386e-03
3 0 3.900000e+01 8.358763e-03
3 0 3.950000e+01 7.508125e-03
3 0 4.000000e+01 6.696924e-03
3 0 4.050000e+01 5.926226e-03
3 0 4.100000e+01 5.193345e-03
3 0 4.150000e+01 4.484094e-03
3 0 4.200000e+01 3.800981e-03
3 0 4.250000e+01 3.139323e-03
3 0 4.300000e+01 2.488744e-03
3 0 4.350000e+01 1.855550e-03
3 0 4.400000e+01 1.234006e-03
3 0 4.450000e+01 6.136272e-04
3 0 4.500000e+01 1.017456e-06
3 0 4.550000e+01 -6.116751e-04
3 0 4.600000e+01 -1.232227e-03
3 0 4.650000e+01 -1.853949e-03
3 0 4.700000e+01 -2.487303e-03
3 0 4.750000e+01 -3.137961e-03
3 0 4.800000e+01 -3.799544e-03
3 0 4.850000e+01 -4.482475e-03
3 0 4.900000e+01 -5.191524e-03
3 0 4.950000e+01 -5.924201e-03
3 0 5.000000e+01 -6.694693e-03
3 0 5.050000e+01 -7.505700e-03
3 0 5.100000e+01 -8.356073e-03
3 0 5.150000e+01 -9.269193e-03
3 0 5.200000e+01 -1.024327e-02
3 0 5.250000e+01 -1.127838e-02
3 0 5.300000e+01 -1.241708e-02
3 0 5.350000e+01 -1.364795e-02
3 0 5.400000e+01 -1.497075e-02
3 0 5.450000e+01 -1.646102e-02
3 0 5.500000e+01 -1.808986e-02
3 0 5.550000e+01 -1.985880e-02
3 0 5.600000e+01 -2.188550e-02
3 0 5.650000e+01 -2.412490e-02
3 0 5.700000e+01 -2.655246e-02
3 0 5.750000e+01 -2.934598e-02
3 0 5.800000e+01 -3.239863e-02
3 0 5.850000e+01 -3.549675e-02
3 0 5.900000e+01 -3.887278e-02
3 0 5.950000e+01 -4.235193e-02
3 0 6.000000e+01 -4.490873e-02
3 0 6.050000e+01 -4.639715e-02
3 0 6.100000e+01 -4.729942e-02
3 0 6.150000e+01 -4.705224e-02
3 0 6.200000e+01 -4.574211e-02
3 0 6.250000e+01 -4.423757e-02
3 0 6.300000e+01 -4.287700e-02
3 0 6.350000e+01 -4.147871e-02
3 0 6.400000e+01 -4.008175e-02
3 0 6.450000e+01 -3.872610e-02
3 0 6.500000e+01 -3.736508e-02
3 0 6.550000e+01 -3.600304e-02
3 0 6.600000e+01 -3.466255e-02
3 0 6.650000e+01 -3.332375e-02
3 0 6.700000e+01 -3.198499e-02
3 0 6.750000e+01 -3.066007e-02
3 0 6.800000e+01 -2.934314e-02
3 0 6.850000e+01 -2.802567e-02
3 0 6.900000e+01 -2.671894e-02
3 0 6.950000e+01 -2.542209e-02
3 0 7.000000e+01 -2.412892e-02
3 0 7.050000e+01 -2.284570e-02
3 0 7.100000e+01 -2.156974e-02
3 0 7.150000e+01 -2.030526e-02
3 0 7.200000e+01 -1.904849e-02
3 0 7.250000e+01 -1.779420e-02
3 0 7.300000e+01 -1.656495e-02
3 0 7.350000e+01 -1.533952e-02
3 0 7.400000e+01 -1.411031e-02
3 0 7.450000e+01 -1.292302e-02
3 0 7.500000e+01 -1.173367e-02
3 0 7.550000e+01 -1.054636e-02
3 0 7.600000e+01 -9.402664e-03
3 0 7.650000e+01 -8.259589e-03
3 0 7.700000e+01 -7.126468e-03
3 0 7.750000e+01 -6.036446e-03
3 0 7.800000e+01 -4.958820e-03
3 0 7.850000e+01 -3.893891e-03
3 0 7.900000e+01 -2.872544e-03
3 0 7.950000e+01 -1.873249e-03
3 0 8.000000e+01 -8.956151e-04
3 0 8.050000e+01 3.219898e-05
3 0 8.100000e+01 9.295381e-04
3 0 8.150000e+01 1.788861e-03
3 0 8.200000e+01 2.587890e-03
3 0 8.250000e+01 3.347393e-03
3 0 8.300000e+01 4.038522e-03
3 0 8.350000e+01 4.653386e-03
3 0 8.400000e+01 5.217521e-03
3 0 8.450000e+01 5.667165e-03
3 0 8.500000e+01 6.018840e-03
3 0 8.550000e+01 6.295274e-03
3 0 8.600000e+01 6.400774e-03
3 0 8.650000e+01 6.372008e-03
3 0 8.700000e+01 6.251058e-03
3 0 8.750000e+01 5.891714e-03
3 0 8.800000e+01 5.419075e-03
3 0 8.850000e+01 4.847642e-03
3 0 8.900000e+01 3.626636e-03
3 0 8.950000e+01 1.735426e-03
3 0 9.000000e+01 -3.156482e-06
3 0 9.050000e+01 -1.741541e-03
3 0 9.100000e+01 -3.632126e-03
3 0 9.150000e+01 -4.852306e-03
3 0 9.200000e+01 -5.423037e-03
3 0 9.250000e+01 -5.895085e-03
3 0 9.300000e+01 -6.253956e-03
3 0 9.350000e+01 -6.374573e-03
3 0 9.400000e+01 -6.403132e-03
3 0 9.450000e+01 -6.297570e-03
3 0 9.500000e+01 -6.021116e-03
3 0 9.550000e+01 -5.669416e-03
3 0 9.600000e+01 -5.219774e-03
3 0 9.650000e+01 -4.655643e-03
3 0 9.700000e+01 -4.040773e-03
3 0 9.750000e+01 -3.349702e-03
3 0 9.800000e+01 -2.590239e-03
3 0 9.850000e+01 -1.791238e-03
3 0 9.900000e+01 -9.320006e-04
3 0 9.950000e+01 -3.475532e-05
3 0 1.000000e+02 8.929874e-04
3 0 1.005000e+02 1.870554e-03
3 0 1.010000e+02 2.869820e-03
3 0 1.015000e+02 3.891157e-03
3 0 1.020000e+02 4.956045e-03
3 0 1.025000e+02 6.033637e-03
3 0 1.030000e+02 7.123605e-03
3 0 1.035000e+02 8.256634e-03
3 0 1.040000e+02 9.399623e-03
3 0 1.045000e+02 1.054321e-02
3 0 1.050000e+02 1.173039e-02
3 0 1.055000e+02 1.291961e-02
3 0 1.060000e+02 1.410680e-02
3 0 1.065000e+02 1.533591e-02
3 0 1.070000e+02 1.656125e-02
3 0 1.075000e+02 1.779042e-02
3 0 1.080000e+02 1.904463e-02
3 0 1.085000e+02 2.030133e-02
3 0 1.090000e+02 2.156574e-02
3 0 1.095000e+02 2.284162e-02
3 0 1.100000e+02 2.412476e-02
3 0 1.105000e+02 2.541787e-02
3 0 1.110000e+02 2.671465e-02
3 0 1.115000e+02 2.802129e-02
3 0 1.120000e+02 2.933872e-02
3 0 1.125000e+02 3.065561e-02
3 0 1.130000e+02 3.198042e-02
3 0 1.135000e+02 3.331903e-02
3 0 1.140000e+02 3.465761e-02
3 0 1.145000e+02 3.599789e-02
3 0 1.150000e+02 3.735979e-02
3 0 1.155000e+02 3.872070e-02
3 0 1.160000e+02 4.007633e-02
3 0 1.165000e+02 4.147332e-02
3 0 1.170000e+02 4.287158e-02
3 0 1.175000e+02 4.423221e-02
3 0 1.180000e+02 4.573673e-02
3 0 1.185000e+02 4.704711e-02
3 0 1.190000e+02 4.729601e-02
3 0 1.195000e+02 4.639679e-02
3 0 1.200000e+02 4.491158e-02
3 0 1.205000e+02 4.235838e-02
3 0 1.210000e+02 3.888295e-02
3 0 1.215000e+02 3.550965e-02
3 0 1.220000e+02 3.241318e-02
3 0 1.225000e+02 2.936174e-02
3 0 1.230000e+02 2.656880e-02
3 0 1.235000e+02 2.414084e-02
3 0 1.240000e+02 2.190084e-02
3 0 1.245000e+02 1.987333e-02
3 0 1.250000e+02 1.810265e-02
3 0 1.255000e+02 1.647188e-02
3 0 1.260000e+02 1.497987e-02
3 0 1.265000e+02 1.365540e-02
3 0 1.270000e+02 1.242303e-02
3 0 1.275000e+02 1.128318e-02
3 0 1.280000e+02 1.024719e-02
3 0 1.285000e+02 9.272370e-03
3 0 1.290000e+02 8.358744e-03
3 0 1.295000e+02 7.508113e-03
3 0 1.300000e+02 6.696924e-03
3 0 1.305000e+02 5.926240e-03
3 0 1.310000e+02 5.193369e-03
3 0 1.315000e+02 4.484119e-03
3 0 1.320000e+02 3.800981e-03
3 0 1.325000e+02 3.139255e-03
3 0 1.330000e+02 2.488585e-03
3 0 1.335000e+02 1.855306e-03
3 0 1.340000e+02 1.233688e-03
3 0 1.345000e+02 6.132679e-04
3 0 1.350000e+02 6.996587e-07
3 0 1.355000e+02 -6.118631e-04
3 0 1.360000e+02 -1.232257e-03
3 0 1.365000e+02 -1.853827e-03
3 0 1.370000e+02 -2.487048e-03
3 0 1.375000e+02 -3.137624e-03
3 0 1.380000e+02 -3.799218e-03
3 0 1.385000e+02 -4.482211e-03
3 0 1.390000e+02 -5.191322e-03
3 0 1.395000e+02 -5.924050e-03
3 0 1.400000e+02 -6.694584e-03
3 0 1.405000e+02 -7.505618e-03
3 0 1.410000e+02 -8.356016e-03
3 0 1.415000e+02 -9.269160e-03
3 0 1.420000e+02 -1.024325e-02
3 0 1.425000e+02 -1.127838e-02
3 0 1.430000e+02 -1.241708e-02
3 0 1.435000e+02 -1.364796e-02
3 0 1.440000e+02 -1.497077e-02
3 0 1.445000e+02 -1.646103e-02
3 0 1.450000e+02 -1.808987e-02
3 0 1.455000e+02 -1.985881e-02
3 0 1.460000e+02 -2.188550e-02
3 0 1.465000e+02 -2.412489e-02
3 0 1.470000e+02 -2.655245e-02
3 0 1.475000e+02 -2.934596e-02
3 0 1.480000e+02 -3.239861e-02
3 0 1.485000e+02 -3.549673e-02
3 0 1.490000e+02 -3.887275e-02
3 0 1.495000e+02 -4.235189e-02
3 0 1.500000e+02 -4.490869e-02
3 0 1.505000e+02 -4.639710e-02
3 0 1.510000e+02 -4.729938e-02
3 0 1.515000e+02 -4.705219e-02
3 0 1.520000e+02 -4.574207e-02
3 0 1.525000e+02 -4.423753e-02
3 0 1.530000e+02 -4.287697e-02
3 0 1.535000e+02 -4.147868e-02
3 0 1.540000e+02 -4.008173e-02
3 0 1.545000e+02 -3.872609e-02
3 0 1.550000e+02 -3.736508e-02
3 0 1.555000e+02 -3.600304e-02
3 0 1.560000e+02 -3.466255e-02
3 0 1.565000e+02 -3.332375e-02
3 0 1.570000e+02 -3.198499e-02
3 0 1.575000e+02 -3.066008e-02
3 0 1.580000e+02 -2.934314e-02
3 0 1.585000e+02 -2.802566e-02
3 0 1.590000e+02 -2.671893e-02
3 0 1.595000e+02 -2.542208e-02
3 0 1.600000e+02 -2.412892e-02
3 0 1.605000e+02 -2.284569e-02
3 0 1.610000e+02 -2.156974e-02
3 0 1.615000e+02 -2.030525e-02
3 0 1.620000e+02 -1.904848e-02
3 0 1.625000e+02 -1.779417e-02
3 0 1.630000e+02 -1.656490e-02
3 0 1.635000e+02 -1.533944e-02
3 0 1.640000e+02 -1.411021e-02
3 0 1.645000e+02 -1.292291e-02
3 0 1.650000e+02 -1.173359e-02
3 0 1.655000e+02 -1.054633e-02
3 0 1.660000e+02 -9.402697e-03
3 0 1.665000e+02 -8.259689e-03
3 0 1.670000e+02 -7.126627e-03
3 0 1.675000e+02 -6.036641e-03
3 0 1.680000e+02 -4.959007e-03
3 0 1.685000e+02 -3.894041e-03
3 0 1.690000e+02 -2.872652e-03
3 0 1.695000e+02 -1.873329e-03
3 0 1.700000e+02 -8.956740e-04
3 0 1.705000e+02 3.215390e-05
3 0 1.710000e+02 9.295002e-04
3 0 1.715000e+02 1.788829e-03
3 0 1.720000e+02 2.587863e-03
3 0 1.725000e+02 3.347369e-03
3 0 1.730000e+02 4.038500e-03
3 0 1.735000e+02 4.653365e-03
3 0 1.740000e+02 5.217498e-03
3 0 1.745000e+02 5.667140e-03
3 0 1.750000e+02 6.018813e-03
3 0 1.755000e+02 6.295247e-03
3 0 1.760000e+02 6.400745e-03
3 0 1.765000e+02 6.371977e-03
3 0 1.770000e+02 6.251025e-03
3 0 1.775000e+02 5.891678e-03
3 0 1.780000e+02 5.419035e-03
3 0 1.785000e+02 4.847598e-03
3 0 1.790000e+02 3.626587e-03
3 0 1.795000e+02 1.735372e-03
2 0 -0.000000e+00 4.490861e-02
2 0 5.000000e-01 4.235182e-02
2 0 1.000000e+00 3.887267e-02
2 0 1.500000e+00 3.549664e-02
2 0 2.000000e+00 3.239851e-02
2 0 2.500000e+00 2.934586e-02
2 0 3.000000e+00 2.655234e-02
2 0 3.500000e+00 2.412478e-02
2 0 4.000000e+00 2.188539e-02
2 0 4.500000e+00 1.985870e-02
2 0 5.000000e+00 1.808976e-02
2 0 5.500000e+00 1.646093e-02
2 0 6.000000e+00 1.497067e-02
2 0 6.500000e+00 1.364787e-02
2 0 7.000000e+00 1.241700e-02
2 0 7.500000e+00 1.127830e-02
2 0 8.000000e+00 1.024318e-02
2 0 8.500000e+00 9.269088e-03
2 0 9.000000e+00 8.355946e-03
2 0 9.500000e+00 7.505549e-03
2 0 1.000000e+01 6.694517e-03
2 0 1.050000e+01 5.923986e-03
2 0 1.100000e+01 5.191260e-03
2 0 1.150000e+01 4.482150e-03
2 0 1.200000e+01 3.799158e-03
2 0 1.250000e+01 3.137564e-03
2 0 1.300000e+01 2.486987e-03
2 0 1.350000e+01 1.853765e-03
2 0 1.400000e+01 1.232191e-03
2 0 1.450000e+01 6.117934e-04
2 0 1.500000e+01 -7.764750e-07
2 0 1.550000e+01 -6.133519e-04
2 0 1.600000e+01 -1.233775e-03
2 0 1.650000e+01 -1.855389e-03
2 0 1.700000e+01 -2.488666e-03
2 0 1.750000e+01 -3.139332e-03
2 0 1.800000e+01 -3.801048e-03
2 0 1.850000e+01 -4.484176e-03
2 0 1.900000e+01 -5.193421e-03
2 0 1.950000e+01 -5.926290e-03
2 0 2.000000e+01 -6.696976e-03
2 0 2.050000e+01 -7.508169e-03
2 0 2.100000e+01 -8.358809e-03
2 0 2.150000e+01 -9.272450e-03
2 0 2.200000e+01 -1.024729e-02
2 0 2.250000e+01 -1.128331e-02
2 0 2.300000e+01 -1.242319e-02
2 0 2.350000e+01 -1.365560e-02
2 0 2.400000e+01 -1.498010e-02
2 0 2.450000e+01 -1.647211e-02
2 0 2.500000e+01 -1.810287e-02
2 0 2.550000e+01 -1.987350e-02
2 0 2.600000e+01 -2.190092e-02
2 0 2.650000e+01 -2.414079e-02
2 0 2.700000e+01 -2.656867e-02
2 0 2.750000e+01 -2.936164e-02
2 0 2.800000e+01 -3.241312e-02
2 0 2.850000e+01 -3.550963e-02
2 0 2.900000e+01 -3.888296e-02
2 0 2.950000e+01 -4.235842e-02
2 0 3.000000e+01 -4.491165e-02
2 0 3.050000e+01 -4.639688e-02
2 0 3.100000e+01 -4.729612e-02
2 0 3.150000e+01 -4.704723e-02
2 0 3.200000e+01 -4.573685e-02
2 0 3.250000e+01 -4.423227e-02
2 0 3.300000e+01 -4.287158e-02
2 0 3.350000e+01 -4.147329e-02
2 0 3.400000e+01 -4.007632e-02
2 0 3.450000e+01 -3.872072e-02
2 0 3.500000e+01 -3.735983e-02
2 0 3.550000e+01 -3.599792e-02
2 0 3.600000e+01 -3.465761e-02
2 0 3.650000e+01 -3.331899e-02
2 0 3.700000e+01 -3.198039e-02
2 0 3.750000e+01 -3.065564e-02
2 0 3.800000e+01 -2.933881e-02
2 0 3.850000e+01 -2.802144e-02
2 0 3.900000e+01 -2.671483e-02
2 0 3.950000e+01 -2.541808e-02
2 0 4.000000e+01 -2.412498e-02
2 0 4.050000e+01 -2.284183e-02
2 0 4.100000e+01 -2.156595e-02
2 0 4.150000e+01 -2.030153e-02
2 0 4.200000e+01 -1.904483e-02
2 0 4.250000e+01 -1.779061e-02
2 0 4.300000e+01 -1.656142e-02
2 0 4.350000e+01 -1.533604e-02
2 0 4.400000e+01 -1.410690e-02
2 0 4.450000e+01 -1.291966e-02
2 0 4.500000e+01 -1.173041e-02
2 0 4.550000e+01 -1.054323e-02
2 0 4.600000e+01 -9.399657e-03
2 0 4.650000e+01 -8.256698e-03
2 0 4.700000e+01 -7.123704e-03
2 0 4.750000e+01 -6.033768e-03
2 0 4.800000e+01 -4.956184e-03
2 0 4.850000e+01 -3.891286e-03
2 0 4.900000e+01 -2.869937e-03
2 0 4.950000e+01 -1.870663e-03
2 0 5.000000e+01 -8.930906e-04
2 0 5.050000e+01 3.467215e-05
2 0 5.100000e+01 9.319463e-04
2 0 5.150000e+01 1.791214e-03
2 0 5.200000e+01 2.590247e-03
2 0 5.250000e+01 3.349738e-03
2 0 5.300000e+01 4.040815e-03
2 0 5.350000e+01 4.655648e-03
2 0 5.400000e+01 5.219730e-03
2 0 5.450000e+01 5.669331e-03
2 0 5.500000e+01 6.021025e-03
2 0 5.550000e+01 6.297499e-03
2 0 5.600000e+01 6.403086e-03
2 0 5.650000e+01 6.374540e-03
2 0 5.700000e+01 6.253927e-03
2 0 5.750000e+01 5.895059e-03
2 0 5.800000e+01 5.423030e-03
2 0 5.850000e+01 4.852329e-03
2 0 5.900000e+01 3.632160e-03
2 0 5.950000e+01 1.741550e-03
2 0 6.000000e+01 3.138798e-06
2 0 6.050000e+01 -1.735448e-03
2 0 6.100000e+01 -3.626654e-03
2 0 6.150000e+01 -4.847656e-03
2 0 6.200000e+01 -5.419053e-03
2 0 6.250000e+01 -5.891624e-03
2 0 6.300000e+01 -6.250910e-03
2 0 6.350000e+01 -6.371867e-03
2 0 6.400000e+01 -6.400684e-03
2 0 6.450000e+01 -6.295254e-03
2 0 6.500000e+01 -6.018865e-03
2 0 6.550000e+01 -5.667210e-03
2 0 6.600000e+01 -5.217549e-03
2 0 6.650000e+01 -4.653375e-03
2 0 6.700000e+01 -4.038477e-03
2 0 6.750000e+01 -3.347358e-03
2 0 6.800000e+01 -2.587883e-03
2 0 6.850000e+01 -1.788884e-03
2 0 6.900000e+01 -9.295938e-04
2 0 6.950000e+01 -3.229135e-05
2 0 7.000000e+01 8.955015e-04
2 0 7.050000e+01 1.873135e-03
2 0 7.100000e+01 2.872435e-03
2 0 7.150000e+01 3.893798e-03
2 0 7.200000e+01 4.958747e-03
2 0 7.250000e+01 6.036371e-03
2 0 7.300000e+01 7.126363e-03
2 0 7.350000e+01 8.259442e-03
2 0 7.400000e+01 9.402474e-03
2 0 7.450000e+01 1.054614e-02
2 0 7.500000e+01 1.173345e-02
2 0 7.550000e+01 1.292285e-02
2 0 7.600000e+01 1.411023e-02
2 0 7.650000e+01 1.533952e-02
2 0 7.700000e+01 1.656502e-02
2 0 7.750000e+01 1.779430e-02
2 0 7.800000e+01 1.904857e-02
2 0 7.850000e+01 2.030528e-02
2 0 7.900000e+01 2.156968e-02
2 0 7.950000e+01 2.284559e-02
2 0 8.000000e+01 2.412878e-02
2 0 8.050000e+01 2.542194e-02
2 0 8.100000e+01 2.671881e-02
2 0 8.150000e+01 2.802558e-02
2 0 8.200000e+01 2.934310e-02
2 0 8.250000e+01 3.066010e-02
2 0 8.300000e+01 3.198507e-02
2 0 8.350000e+01 3.332383e-02
2 0 8.400000e+01 3.466259e-02
2 0 8.450000e+01 3.600305e-02
2 0 8.500000e+01 3.736507e-02
2 0 8.550000e+01 3.872610e-02
2 0 8.600000e+01 4.008178e-02
2 0 8.650000e+01 4.147875e-02
2 0 8.700000e+01 4.287701e-02
2 0 8.750000e+01 4.423750e-02
2 0 8.800000e+01 4.574199e-02
2 0 8.850000e+01 4.705210e-02
2 0 8.900000e+01 4.729929e-02
2 0 8.950000e+01 4.639703e-02
2 0 9.000000e+01 4.490862e-02
2 0 9.050000e+01 4.235182e-02
2 0 9.100000e+01 3.887268e-02
2 0 9.150000e+01 3.549665e-02
2 0 9.200000e+01 3.239851e-02
2 0 9.250000e+01 2.934586e-02
2 0 9.300000e+01 2.655234e-02
2 0 9.350000e+01 2.412478e-02
2 0 9.400000e+01 2.188539e-02
2 0 9.450000e+01 1.985869e-02
2 0 9.500000e+01 1.808976e-02
2 0 9.550000e+01 1.646093e-02
2 0 9.600000e+01 1.497067e-02
2 0 9.650000e+01 1.364787e-02
2 0 9.700000e+01 1.241701e-02
2 0 9.750000e+01 1.127831e-02
2 0 9.800000e+01 1.024319e-02
2 0 9.850000e+01 9.269104e-03
2 0 9.900000e+01 8.355964e-03
2 0 9.950000e+01 7.505562e-03
2 0 1.000000e+02 6.694516e-03
2 0 1.005000e+02 5.923971e-03
2 0 1.010000e+02 5.191235e-03
2 0 1.015000e+02 4.482126e-03
2 0 1.020000e+02 3.799158e-03
2 0 1.025000e+02 3.137632e-03
2 0 1.030000e+02 2.487147e-03
2 0 1.035000e+02 1.854011e-03
2 0 1.040000e+02 1.232510e-03
2 0 1.045000e+02 6.121534e-04
2 0 1.050000e+02 -4.583563e-07
2 0 1.055000e+02 -6.131641e-04
2 0 1.060000e+02 -1.233746e-03
2 0 1.065000e+02 -1.855512e-03
2 0 1.070000e+02 -2.488922e-03
2 0 1.075000e+02 -3.139670e-03
2 0 1.080000e+02 -3.801374e-03
2 0 1.085000e+02 -4.484440e-03
2 0 1.090000e+02 -5.193623e-03
2 0 1.095000e+02 -5.926440e-03
2 0 1.100000e+02 -6.697085e-03
2 0 1.105000e+02 -7.508250e-03
2 0 1.110000e+02 -8.358865e-03
2 0 1.115000e+02 -9.272481e-03
2 0 1.120000e+02 -1.024730e-02
2 0 1.125000e+02 -1.128331e-02
2 0 1.130000e+02 -1.242318e-02
2 0 1.135000e+02 -1.365559e-02
2 0 1.140000e+02 -1.498009e-02
2 0 1.145000e+02 -1.647210e-02
2 0 1.150000e+02 -1.810286e-02
2 0 1.155000e+02 -1.987350e-02
2 0 1.160000e+02 -2.190092e-02
2 0 1.165000e+02 -2.414080e-02
2 0 1.170000e+02 -2.656868e-02
2 0 1.175000e+02 -2.936165e-02
2 0 1.180000e+02 -3.241314e-02
2 0 1.185000e+02 -3.550966e-02
2 0 1.190000e+02 -3.888299e-02
2 0 1.195000e+02 -4.235846e-02
2 0 1.200000e+02 -4.491169e-02
2 0 1.205000e+02 -4.639692e-02
2 0 1.210000e+02 -4.729617e-02
2 0 1.215000e+02 -4.704728e-02
2 0 1.220000e+02 -4.573689e-02
2 0 1.225000e+02 -4.423231e-02
2 0 1.230000e+02 -4.287161e-02
2 0 1.235000e+02 -4.147332e-02
2 0 1.240000e+02 -4.007633e-02
2 0 1.245000e+02 -3.872073e-02
2 0 1.250000e+02 -3.735984e-02
2 0 1.255000e+02 -3.599792e-02
2 0 1.260000e+02 -3.465761e-02
2 0 1.265000e+02 -3.331899e-02
2 0 1.270000e+02 -3.198038e-02
2 0 1.275000e+02 -3.065563e-02
2 0 1.280000e+02 -2.933881e-02
2 0 1.285000e+02 -2.802144e-02
2 0 1.290000e+02 -2.671484e-02
2 0 1.295000e+02 -2.541808e-02
2 0 1.300000e+02 -2.412499e-02
2 0 1.305000e+02 -2.284184e-02
2 0 1.310000e+02 -2.156595e-02
2 0 1.315000e+02 -2.030153e-02
2 0 1.320000e+02 -1.904485e-02
2 0 1.325000e+02 -1.779064e-02
2 0 1.330000e+02 -1.656148e-02
2 0 1.335000e+02 -1.533612e-02
2 0 1.340000e+02 -1.410700e-02
2 0 1.345000e+02 -1.291977e-02
2 0 1.350000e+02 -1.173050e-02
2 0 1.355000e+02 -1.054327e-02
2 0 1.360000e+02 -9.399625e-03
2 0 1.365000e+02 -8.256599e-03
2 0 1.370000e+02 -7.123546e-03
2 0 1.375000e+02 -6.033574e-03
2 0 1.380000e+02 -4.955997e-03
2 0 1.385000e+02 -3.891136e-03
2 0 1.390000e+02 -2.869829e-03
2 0 1.395000e+02 -1.870584e-03
2 0 1.400000e+02 -8.930315e-04
2 0 1.405000e+02 3.471733e-05
2 0 1.410000e+02 9.319843e-04
2 0 1.415000e+02 1.791247e-03
2 0 1.420000e+02 2.590274e-03
2 0 1.425000e+02 3.349761e-03
2 0 1.430000e+02 4.040836e-03
2 0 1.435000e+02 4.655669e-03
2 0 1.440000e+02 5.219752e-03
2 0 1.445000e+02 5.669355e-03
2 0 1.450000e+02 6.021052e-03
2 0 1.455000e+02 6.297526e-03
2 0 1.460000e+02 6.403115e-03
2 0 1.465000e+02 6.374572e-03
2 0 1.470000e+02 6.253960e-03
2 0 1.475000e+02 5.895095e-03
2 0 1.480000e+02 5.423070e-03
2 0 1.485000e+02 4.852373e-03
2 0 1.490000e+02 3.632209e-03
2 0 1.495000e+02 1.741605e-03
2 0 1.500000e+02 3.197453e-06
2 0 1.505000e+02 -1.735386e-03
2 0 1.510000e+02 -3.626591e-03
2 0 1.515000e+02 -4.847593e-03
2 0 1.520000e+02 -5.418993e-03
2 0 1.525000e+02 -5.891568e-03
2 0 1.530000e+02 -6.250856e-03
2 0 1.535000e+02 -6.371818e-03
2 0 1.540000e+02 -6.400637e-03
2 0 1.545000e+02 -6.295209e-03
2 0 1.550000e+02 -6.018821e-03
2 0 1.555000e+02 -5.667164e-03
2 0 1.560000e+02 -5.217500e-03
2 0 1.565000e+02 -4.653323e-03
2 0 1.570000e+02 -4.038419e-03
2 0 1.575000e+02 -3.347294e-03
2 0 1.580000e+02 -2.587812e-03
2 0 1.585000e+02 -1.788806e-03
2 0 1.590000e+02 -9.295093e-04
2 0 1.595000e+02 -3.220395e-05
2 0 1.600000e+02 8.955887e-04
2 0 1.605000e+02 1.873220e-03
2 0 1.610000e+02 2.872517e-03
2 0 1.615000e+02 3.893883e-03
2 0 1.620000e+02 4.958844e-03
2 0 1.625000e+02 6.036495e-03
2 0 1.630000e+02 7.126519e-03
2 0 1.635000e+02 8.259625e-03
2 0 1.640000e+02 9.402671e-03
2 0 1.645000e+02 1.054632e-02
2 0 1.650000e+02 1.173358e-02
2 0 1.655000e+02 1.292287e-02
2 0 1.660000e+02 1.411014e-02
2 0 1.665000e+02 1.533933e-02
2 0 1.670000e+02 1.656475e-02
2 0 1.675000e+02 1.779399e-02
2 0 1.680000e+02 1.904829e-02
2 0 1.685000e+02 2.030507e-02
2 0 1.690000e+02 2.156955e-02
2 0 1.695000e+02 2.284551e-02
2 0 1.700000e+02 2.412873e-02
2 0 1.705000e+02 2.542191e-02
2 0 1.710000e+02 2.671879e-02
2 0 1.715000e+02 2.802556e-02
2 0 1.720000e+02 2.934308e-02
2 0 1.725000e+02 3.066009e-02
2 0 1.730000e+02 3.198506e-02
2 0 1.735000e+02 3.332381e-02
2 0 1.740000e+02 3.466258e-02
2 0 1.745000e+02 3.600303e-02
2 0 1.750000e+02 3.736505e-02
2 0 1.755000e+02 3.872608e-02
2 0 1.760000e+02 4.008176e-02
2 0 1.765000e+02 4.147873e-02
2 0 1.770000e+02 4.287699e-02
2 0 1.775000e+02 4.423749e-02
2 0 1.780000e+02 4.574198e-02
2 0 1.785000e+02 4.705209e-02
2 0 1.790000e+02 4.729928e-02
2 0 1.795000e+02 4.639702e-02
1 0 -0.000000e+00 -4.491049e-02
1 0 5.000000e-01 -4.639917e-02
1 0 1.000000e+00 -4.730160e-02
1 0 1.500000e+00 -4.705446e-02
1 0 2.000000e+00 -4.574432e-02
1 0 2.500000e+00 -4.423973e-02
1 0 3.000000e+00 -4.287909e-02
1 0 3.500000e+00 -4.148068e-02
1 0 4.000000e+00 -4.008359e-02
1 0 4.500000e+00 -3.872785e-02
1 0 5.000000e+00 -3.736672e-02
1 0 5.500000e+00 -3.600459e-02
1 0 6.000000e+00 -3.466408e-02
1 0 6.500000e+00 -3.332529e-02
1 0 7.000000e+00 -3.198656e-02
1 0 7.500000e+00 -3.066169e-02
1 0 8.000000e+00 -2.934481e-02
1 0 8.500000e+00 -2.802739e-02
1 0 9.000000e+00 -2.672073e-02
1 0 9.500000e+00 -2.542395e-02
1 0 1.000000e+01 -2.413084e-02
1 0 1.050000e+01 -2.284766e-02
1 0 1.100000e+01 -2.157173e-02
1 0 1.150000e+01 -2.030729e-02
1 0 1.200000e+01 -1.905057e-02
1 0 1.250000e+01 -1.779633e-02
1 0 1.300000e+01 -1.656714e-02
1 0 1.350000e+01 -1.534176e-02
1 0 1.400000e+01 -1.411259e-02
1 0 1.450000e+01 -1.292533e-02
1 0 1.500000e+01 -1.173603e-02
1 0 1.550000e+01 -1.054875e-02
1 0 1.600000e+01 -9.405096e-03
1 0 1.650000e+01 -8.262075e-03
1 0 1.700000e+01 -7.129008e-03
1 0 1.750000e+01 -6.039058e-03
1 0 1.800000e+01 -4.961529e-03
1 0 1.850000e+01 -3.896702e-03
1 0 1.900000e+01 -2.875455e-03
1 0 1.950000e+01 -1.876266e-03
1 0 2.000000e+01 -8.987448e-04
1 0 2.050000e+01 2.895190e-05
1 0 2.100000e+01 9.261306e-04
1 0 2.150000e+01 1.785191e-03
1 0 2.200000e+01 2.583871e-03
1 0 2.250000e+01 3.342944e-03
1 0 2.300000e+01 4.033482e-03
1 0 2.350000e+01 4.647584e-03
1 0 2.400000e+01 5.210849e-03
1 0 2.450000e+01 5.659583e-03
1 0 2.500000e+01 6.010277e-03
1 0 2.550000e+01 6.285819e-03
1 0 2.600000e+01 6.390916e-03
1 0 2.650000e+01 6.361912e-03
1 0 2.700000e+01 6.240853e-03
1 0 2.750000e+01 5.881959e-03
1 0 2.800000e+01 5.410078e-03
1 0 2.850000e+01 4.839929e-03
1 0 2.900000e+01 3.621783e-03
1 0 2.950000e+01 1.734673e-03
1 0 3.000000e+01 1.686997e-08
1 0 3.050000e+01 -1.734634e-03
1 0 3.100000e+01 -3.621737e-03
1 0 3.150000e+01 -4.839882e-03
1 0 3.200000e+01 -5.410018e-03
1 0 3.250000e+01 -5.881859e-03
1 0 3.300000e+01 -6.240712e-03
1 0 3.350000e+01 -6.361782e-03
1 0 3.400000e+01 -6.390839e-03
1 0 3.450000e+01 -6.285814e-03
1 0 3.500000e+01 -6.010317e-03
1 0 3.550000e+01 -5.659642e-03
1 0 3.600000e+01 -5.210890e-03
1 0 3.650000e+01 -4.647581e-03
1 0 3.700000e+01 -4.033444e-03
1 0 3.750000e+01 -3.342913e-03
1 0 3.800000e+01 -2.583858e-03
1 0 3.850000e+01 -1.785194e-03
1 0 3.900000e+01 -9.261517e-04
1 0 3.950000e+01 -2.899342e-05
1 0 4.000000e+01 8.986967e-04
1 0 4.050000e+01 1.876229e-03
1 0 4.100000e+01 2.875441e-03
1 0 4.150000e+01 3.896729e-03
1 0 4.200000e+01 4.961595e-03
1 0 4.250000e+01 6.039147e-03
1 0 4.300000e+01 7.129095e-03
1 0 4.350000e+01 8.262139e-03
1 0 4.400000e+01 9.405118e-03
1 0 4.450000e+01 1.054872e-02
1 0 4.500000e+01 1.173593e-02
1 0 4.550000e+01 1.292517e-02
1 0 4.600000e+01 1.411240e-02
1 0 4.650000e+01 1.534155e-02
1 0 4.700000e+01 1.656692e-02
1 0 4.750000e+01 1.779612e-02
1 0 4.800000e+01 1.905038e-02
1 0 4.850000e+01 2.030710e-02
1 0 4.900000e+01 2.157155e-02
1 0 4.950000e+01 2.284747e-02
1 0 5.000000e+01 2.413064e-02
1 0 5.050000e+01 2.542375e-02
1 0 5.100000e+01 2.672055e-02
1 0 5.150000e+01 2.802724e-02
1 0 5.200000e+01 2.934471e-02
1 0 5.250000e+01 3.066166e-02
1 0 5.300000e+01 3.198655e-02
1 0 5.350000e+01 3.332526e-02
1 0 5.400000e+01 3.466399e-02
1 0 5.450000e+01 3.600444e-02
1 0 5.500000e+01 3.736654e-02
1 0 5.550000e+01 3.872766e-02
1 0 5.600000e+01 4.008343e-02
1 0 5.650000e+01 4.148056e-02
1 0 5.700000e+01 4.287898e-02
1 0 5.750000e+01 4.423961e-02
1 0 5.800000e+01 4.574422e-02
1 0 5.850000e+01 4.705438e-02
1 0 5.900000e+01 4.730155e-02
1 0 5.950000e+01 4.639910e-02
1 0 6.000000e+01 4.491038e-02
1 0 6.050000e+01 4.235324e-02
1 0 6.100000e+01 3.887375e-02
1 0 6.150000e+01 3.549743e-02
1 0 6.200000e+01 3.239913e-02
1 0 6.250000e+01 2.934638e-02
1 0 6.300000e+01 2.655280e-02
1 0 6.350000e+01 2.412511e-02
1 0 6.400000e+01 2.188558e-02
1 0 6.450000e+01 1.985880e-02
1 0 6.500000e+01 1.808984e-02
1 0 6.550000e+01 1.646099e-02
1 0 6.600000e+01 1.497074e-02
1 0 6.650000e+01 1.364802e-02
1 0 6.700000e+01 1.241723e-02
1 0 6.750000e+01 1.127858e-02
1 0 6.800000e+01 1.024344e-02
1 0 6.850000e+01 9.269330e-03
1 0 6.900000e+01 8.356210e-03
1 0 6.950000e+01 7.505874e-03
1 0 7.000000e+01 6.694892e-03
1 0 7.050000e+01 5.924379e-03
1 0 7.100000e+01 5.191643e-03
1 0 7.150000e+01 4.482527e-03
1 0 7.200000e+01 3.799565e-03
1 0 7.250000e+01 3.138018e-03
1 0 7.300000e+01 2.487489e-03
1 0 7.350000e+01 1.854325e-03
1 0 7.400000e+01 1.232812e-03
1 0 7.450000e+01 6.124760e-04
1 0 7.500000e+01 -2.730030e-08
1 0 7.550000e+01 -6.125331e-04
1 0 7.600000e+01 -1.232881e-03
1 0 7.650000e+01 -1.854416e-03
1 0 7.700000e+01 -2.487600e-03
1 0 7.750000e+01 -3.138142e-03
1 0 7.800000e+01 -3.799702e-03
1 0 7.850000e+01 -4.482665e-03
1 0 7.900000e+01 -5.191754e-03
1 0 7.950000e+01 -5.924457e-03
1 0 8.000000e+01 -6.694948e-03
1 0 8.050000e+01 -7.505916e-03
1 0 8.100000e+01 -8.356245e-03
1 0 8.150000e+01 -9.269370e-03
1 0 8.200000e+01 -1.024349e-02
1 0 8.250000e+01 -1.127864e-02
1 0 8.300000e+01 -1.241732e-02
1 0 8.350000e+01 -1.364813e-02
1 0 8.400000e+01 -1.497087e-02
1 0 8.450000e+01 -1.646110e-02
1 0 8.500000e+01 -1.808992e-02
1 0 8.550000e+01 -1.985884e-02
1 0 8.600000e+01 -2.188553e-02
1 0 8.650000e+01 -2.412495e-02
1 0 8.700000e+01 -2.655258e-02
1 0 8.750000e+01 -2.934623e-02
1 0 8.800000e+01 -3.239908e-02
1 0 8.850000e+01 -3.549746e-02
1 0 8.900000e+01 -3.887380e-02
1 0 8.950000e+01 -4.235331e-02
1 0 9.000000e+01 -4.491045e-02
1 0 9.050000e+01 -4.639913e-02
1 0 9.100000e+01 -4.730155e-02
1 0 9.150000e+01 -4.705441e-02
1 0 9.200000e+01 -4.574428e-02
1 0 9.250000e+01 -4.423969e-02
1 0 9.300000e+01 -4.287906e-02
1 0 9.350000e+01 -4.148065e-02
1 0 9.400000e+01 -4.008357e-02
1 0 9.450000e+01 -3.872784e-02
1 0 9.500000e+01 -3.736672e-02
1 0 9.550000e+01 -3.600459e-02
1 0 9.600000e+01 -3.466408e-02
1 0 9.650000e+01 -3.332530e-02
1 0 9.700000e+01 -3.198656e-02
1 0 9.750000e+01 -3.066170e-02
1 0 9.800000e+01 -2.934481e-02
1 0 9.850000e+01 -2.802739e-02
1 0 9.900000e+01 -2.672072e-02
1 0 9.950000e+01 -2.542395e-02
1 0 1.000000e+02 -2.413083e-02
1 0 1.005000e+02 -2.284765e-02
1 0 1.010000e+02 -2.157173e-02
1 0 1.015000e+02 -2.030728e-02
1 0 1.020000e+02 -1.905056e-02
1 0 1.025000e+02 -1.779630e-02
1 0 1.030000e+02 -1.656709e-02
1 0 1.035000e+02 -1.534169e-02
1 0 1.040000e+02 -1.411249e-02
1 0 1.045000e+02 -1.292522e-02
1 0 1.050000e+02 -1.173594e-02
1 0 1.055000e+02 -1.054872e-02
1 0 1.060000e+02 -9.405128e-03
1 0 1.065000e+02 -8.262174e-03
1 0 1.070000e+02 -7.129166e-03
1 0 1.075000e+02 -6.039252e-03
1 0 1.080000e+02 -4.961716e-03
1 0 1.085000e+02 -3.896852e-03
1 0 1.090000e+02 -2.875563e-03
1 0 1.095000e+02 -1.876345e-03
1 0 1.100000e+02 -8.988038e-04
1 0 1.105000e+02 2.890681e-05
1 0 1.110000e+02 9.260927e-04
1 0 1.115000e+02 1.785159e-03
1 0 1.120000e+02 2.583844e-03
1 0 1.125000e+02 3.342921e-03
1 0 1.130000e+02 4.033461e-03
1 0 1.135000e+02 4.647563e-03
1 0 1.140000e+02 5.210826e-03
1 0 1.145000e+02 5.659558e-03
1 0 1.150000e+02 6.010250e-03
1 0 1.155000e+02 6.285791e-03
1 0 1.160000e+02 6.390886e-03
1 0 1.165000e+02 6.361881e-03
1 0 1.170000e+02 6.240819e-03
1 0 1.175000e+02 5.881923e-03
1 0 1.180000e+02 5.410038e-03
1 0 1.185000e+02 4.839885e-03
1 0 1.190000e+02 3.621734e-03
1 0 1.195000e+02 1.734619e-03
1 0 1.200000e+02 -4.176883e-08
1 0 1.205000e+02 -1.734696e-03
1 0 1.210000e+02 -3.621801e-03
1 0 1.215000e+02 -4.839945e-03
1 0 1.220000e+02 -5.410078e-03
1 0 1.225000e+02 -5.881916e-03
1 0 1.230000e+02 -6.240765e-03
1 0 1.235000e+02 -6.361832e-03
1 0 1.240000e+02 -6.390885e-03
1 0 1.245000e+02 -6.285859e-03
1 0 1.250000e+02 -6.010362e-03
1 0 1.255000e+02 -5.659688e-03
1 0 1.260000e+02 -5.210938e-03
1 0 1.265000e+02 -4.647633e-03
1 0 1.270000e+02 -4.033501e-03
1 0 1.275000e+02 -3.342977e-03
1 0 1.280000e+02 -2.583929e-03
1 0 1.285000e+02 -1.785273e-03
1 0 1.290000e+02 -9.262363e-04
1 0 1.295000e+02 -2.908083e-05
1 0 1.300000e+02 8.986095e-04
1 0 1.305000e+02 1.876144e-03
1 0 1.310000e+02 2.875359e-03
1 0 1.315000e+02 3.896644e-03
1 0 1.320000e+02 4.961498e-03
1 0 1.325000e+02 6.039024e-03
1 0 1.330000e+02 7.128939e-03
1 0 1.335000e+02 8.261956e-03
1 0 1.340000e+02 9.404921e-03
1 0 1.345000e+02 1.054853e-02
1 0 1.350000e+02 1.173580e-02
1 0 1.355000e+02 1.292515e-02
1 0 1.360000e+02 1.411249e-02
1 0 1.365000e+02 1.534175e-02
1 0 1.370000e+02 1.656719e-02
1 0 1.375000e+02 1.779643e-02
1 0 1.380000e+02 1.905066e-02
1 0 1.385000e+02 2.030731e-02
1 0 1.390000e+02 2.157168e-02
1 0 1.395000e+02 2.284755e-02
1 0 1.400000e+02 2.413069e-02
1 0 1.405000e+02 2.542378e-02
1 0 1.410000e+02 2.672057e-02
1 0 1.415000e+02 2.802726e-02
1 0 1.420000e+02 2.934473e-02
1 0 1.425000e+02 3.066167e-02
1 0 1.430000e+02 3.198657e-02
1 0 1.435000e+02 3.332528e-02
1 0 1.440000e+02 3.466400e-02
1 0 1.445000e+02 3.600445e-02
1 0 1.450000e+02 3.736655e-02
1 0 1.455000e+02 3.872768e-02
1 0 1.460000e+02 4.008345e-02
1 0 1.465000e+02 4.148057e-02
1 0 1.470000e+02 4.287899e-02
1 0 1.475000e+02 4.423963e-02
1 0 1.480000e+02 4.574423e-02
1 0 1.485000e+02 4.705439e-02
1 0 1.490000e+02 4.730156e-02
1 0 1.495000e+02 4.639911e-02
1 0 1.500000e+02 4.491039e-02
1 0 1.505000e+02 4.235325e-02
1 0 1.510000e+02 3.887376e-02
1 0 1.515000e+02 3.549744e-02
1 0 1.520000e+02 3.239913e-02
1 0 1.525000e+02 2.934638e-02
1 0 1.530000e+02 2.655280e-02
1 0 1.535000e+02 2.412511e-02
1 0 1.540000e+02 2.188557e-02
1 0 1.545000e+02 1.985879e-02
1 0 1.550000e+02 1.808983e-02
1 0 1.555000e+02 1.646098e-02
1 0 1.560000e+02 1.497074e-02
1 0 1.565000e+02 1.364802e-02
1 0 1.570000e+02 1.241724e-02
1 0 1.575000e+02 1.127858e-02
1 0 1.580000e+02 1.024345e-02
1 0 1.585000e+02 9.269347e-03
1 0 1.590000e+02 8.356229e-03
1 0 1.595000e+02 7.505887e-03
1 0 1.600000e+02 6.694892e-03
1 0 1.605000e+02 5.924365e-03
1 0 1.610000e+02 5.191619e-03
1 0 1.615000e+02 4.482503e-03
1 0 1.620000e+02 3.799565e-03
1 0 1.625000e+02 3.138086e-03
1 0 1.630000e+02 2.487649e-03
1 0 1.635000e+02 1.854571e-03
1 0 1.640000e+02 1.233130e-03
1 0 1.645000e+02 6.128359e-04
1 0 1.650000e+02 2.907794e-07
1 0 1.655000e+02 -6.123454e-04
1 0 1.660000e+02 -1.232853e-03
1 0 1.665000e+02 -1.854539e-03
1 0 1.670000e+02 -2.487856e-03
1 0 1.675000e+02 -3.138480e-03
1 0 1.680000e+02 -3.800028e-03
1 0 1.685000e+02 -4.482929e-03
1 0 1.690000e+02 -5.191956e-03
1 0 1.695000e+02 -5.924607e-03
1 0 1.700000e+02 -6.695057e-03
1 0 1.705000e+02 -7.505997e-03
1 0 1.710000e+02 -8.356302e-03
1 0 1.715000e+02 -9.269402e-03
1 0 1.720000e+02 -1.024350e-02
1 0 1.725000e+02 -1.127864e-02
1 0 1.730000e+02 -1.241731e-02
1 0 1.735000e+02 -1.364812e-02
1 0 1.740000e+02 -1.497086e-02
1 0 1.745000e+02 -1.646109e-02
1 0 1.750000e+02 -1.808992e-02
1 0 1.755000e+02 -1.985884e-02
1 0 1.760000e+02 -2.188553e-02
1 0 1.765000e+02 -2.412496e-02
1 0 1.770000e+02 -2.655259e-02
1 0 1.775000e+02 -2.934624e-02
1 0 1.780000e+02 -3.239910e-02
1 0 1.785000e+02 -3.549748e-02
1 0 1.790000e+02 -3.887383e-02
1 0 1.795000e+02 -4.235334e-02
1 1 -0.000000e+00 -4.491049e-02
1 1 5.000000e-01 -4.639917e-02
1 1 1.000000e+00 -4.730160e-02
1 1 1.500000e+00 -4.705446e-02
1 1 2.000000e+00 -4.574432e-02
1 1 2.500000e+00 -4.423973e-02
1 1 3.000000e+00 -4.287909e-02
1 1 3.500000e+00 -4.148068e-02
1 1 4.000000e+00 -4.008359e-02
1 1 4.500000e+00 -3.872785e-02
1 1 5.000000e+00 -3.736672e-02
1 1 5.500000e+00 -3.600459e-02
1 1 6.000000e+00 -3.466408e-02
1 1 6.500000e+00 -3.332529e-02
1 1 7.000000e+00 -3.198656e-02
1 1 7.500000e+00 -3.066169e-02
1 1 8.000000e+00 -2.934481e-02
1 1 8.500000e+00 -2.802739e-02
1 1 9.000000e+00 -2.672073e-02
1 1 9.500000e+00 -2.542395e-02
1 1 1.000000e+01 -2.413084e-02
1 1 1.050000e+01 -2.284766e-02
1 1 1.100000e+01 -2.157173e-02
1 1 1.150000e+01 -2.030729e-02
1 1 1.200000e+01 -1.905057e-02
1 1 1.250000e+01 -1.779633e-02
1 1 1.300000e+01 -1.656714e-02
1 1 1.350000e+01 -1.534176e-02
1 1 1.400000e+01 -1.411259e-02
1 1 1.450000e+01 -1.292533e-02
1 1 1.500000e+01 -1.173603e-02
1 1 1.550000e+01 -1.054875e-02
1 1 1.600000e+01 -9.405096e-03
1 1 1.650000e+01 -8.262075e-03
1 1 1.700000e+01 -7.129008e-03
1 1 1.750000e+01 -6.039058e-03
1 1 1.800000e+01 -4.961529e-03
1 1 1.850000e+01 -3.896702e-03
1 1 1.900000e+01 -2.875455e-03
1 1 1.950000e+01 -1.876266e-03
1 1 2.000000e+01 -8.987448e-04
1 1 2.050000e+01 2.895189e-05
1 1 2.100000e+01 9.261306e-04
1 1 2.150000e+01 1.785191e-03
1 1 2.200000e+01 2.583871e-03
1 1 2.250000e+01 3.342944e-03
1 1 2.300000e+01 4.033482e-03
1 1 2.350000e+01 4.647584e-03
1 1 2.400000e+01 5.210849e-03
1 1 2.450000e+01 5.659583e-03
1 1 2.500000e+01 6.010277e-03
1 1 2.550000e+01 6.285819e-03
1 1 2.600000e+01 6.390916e-03
1 1 2.650000e+01 6.361912e-03
1 1 2.700000e+01 6.240853e-03
1 1 2.750000e+01 5.881959e-03
1 1 2.800000e+01 5.410078e-03
1 1 2.850000e+01 4.839929e-03
1 1 2.900000e+01 3.621783e-03
1 1 2.950000e+01 1.734673e-03
1 1 3.000000e+01 1.687531e-08
1 1 3.050000e+01 -1.734634e-03
1 1 3.100000e+01 -3.621737e-03
1 1 3.150000e+01 -4.839882e-03
1 1 3.200000e+01 -5.410018e-03
1 1 3.250000e+01 -5.881859e-03
1 1 3.300000e+01 -6.240712e-03
1 1 3.350000e+01 -6.361782e-03
1 1 3.400000e+01 -6.390839e-03
1 1 3.450000e+01 -6.285814e-03
1 1 3.500000e+01 -6.010317e-03
1 1 3.550000e+01 -5.659642e-03
1 1 3.600000e+01 -5.210890e-03
1 1 3.650000e+01 -4.647581e-03
1 1 3.700000e+01 -4.033444e-03
1 1 3.750000e+01 -3.342913e-03
1 1 3.800000e+01 -2.583858e-03
1 1 3.850000e+01 -1.785194e-03
1 1 3.900000e+01 -9.261517e-04
1 1 3.950000e+01 -2.899345e-05
1 1 4.000000e+01 8.986967e-04
1 1 4.050000e+01 1.876229e-03
1 1 4.100000e+01 2.875441e-03
1 1 4.150000e+01 3.896729e-03
1 1 4.200000e+01 4.961595e-03
1 1 4.250000e+01 6.039147e-03
1 1 4.300000e+01 7.129095e-03
1 1 4.350000e+01 8.262139e-03
1 1 4.400000e+01 9.405118e-03
1 1 4.450000e+01 1.054872e-02
1 1 4.500000e+01 1.173593e-02
1 1 4.550000e+01 1.292517e-02
1 1 4.600000e+01 1.411240e-02
1 1 4.650000e+01 1.534155e-02
1 1 4.700000e+01 1.656692e-02
1 1 4.750000e+01 1.779612e-02
1 1 4.800000e+01 1.905038e-02
1 1 4.850000e+01 2.030710e-02
1 1 4.900000e+01 2.157155e-02
1 1 4.950000e+01 2.284747e-02
1 1 5.000000e+01 2.413064e-02
1 1 5.050000e+01 2.542375e-02
1 1 5.100000e+01 2.672055e-02
1 1 5.150000e+01 2.802724e-02
1 1 5.200000e+01 2.934471e-02
1 1 5.250000e+01 3.066166e-02
1 1 5.300000e+01 3.198655e-02
1 1 5.350000e+01 3.332526e-02
1 1 5.400000e+01 3.466399e-02
1 1 5.450000e+01 3.600444e-02
1 1 5.500000e+01 3.736654e-02
1 1 5.550000e+01 3.872766e-02
1 1 5.600000e+01 4.008343e-02
1 1 5.650000e+01 4.148056e-02
1 1 5.700000e+01 4.287898e-02
1 1 5.750000e+01 4.423961e-02
1 1 5.800000e+01 4.574422e-02
1 1 5.850000e+01 4.705438e-02
1 1 5.900000e+01 4.730155e-02
1 1 5.950000e+01 4.639910e-02
1 1 6.000000e+01 4.491038e-02
1 1 6.050000e+01 4.235324e-02
1 1 6.100000e+01 3.887375e-02
1 1 6.150000e+01 3.549743e-02
1 1 6.200000e+01 3.239913e-02
1 1 6.250000e+01 2.934638e-02
1 1 6.300000e+01 2.655280e-02
1 1 6.350000e+01 2.412511e-02
1 1 6.400000e+01 2.188558e-02
1 1 6.450000e+01 1.985880e-02
1 1 6.500000e+01 1.808984e-02
1 1 6.550000e+01 1.646099e-02
1 1 6.600000e+01 1.497074e-02
1 1 6.650000e+01 1.364802e-02
1 1 6.700000e+01 1.241723e-02
1 1 6.750000e+01 1.127858e-02
1 1 6.800000e+01 1.024344e-02
1 1 6.850000e+01 9.269330e-03
1 1 6.900000e+01 8.356210e-03
1 1 6.950000e+01 7.505874e-03
1 1 7.000000e+01 6.694892e-03
1 1 7.050000e+01 5.924379e-03
1 1 7.100000e+01 5.191643e-03
1 1 7.150000e+01 4.482527e-03
1 1 7.200000e+01 3.799565e-03
1 1 7.250000e+01 3.138018e-03
1 1 7.300000e+01 2.487489e-03
1 1 7.350000e+01 1.854325e-03
1 1 7.400000e+01 1.232812e-03
1 1 7.450000e+01 6.124760e-04
1 1 7.500000e+01 -2.728752e-08
1 1 7.550000e+01 -6.125331e-04
1 1 7.600000e+01 -1.232881e-03
1 1 7.650000e+01 -1.854416e-03
1 1 7.700000e+01 -2.487600e-03
1 1 7.750000e+01 -3.138142e-03
1 1 7.800000e+01 -3.799702e-03
1 1 7.850000e+01 -4.482665e-03
1 1 7.900000e+01 -5.191754e-03
1 1 7.950000e+01 -5.924457e-03
1 1 8.000000e+01 -6.694948e-03
1 1 8.050000e+01 -7.505916e-03
1 1 8.100000e+01 -8.356245e-03
1 1 8.150000e+01 -9.269370e-03
1 1 8.200000e+01 -1.024349e-02
1 1 8.250000e+01 -1.127864e-02
1 1 8.300000e+01 -1.241732e-02
1 1 8.350000e+01 -1.364813e-02
1 1 8.400000e+01 -1.497087e-02
1 1 8.450000e+01 -1.646110e-02
1 1 8.500000e+01 -1.808992e-02
1 1 8.550000e+01 -1.985884e-02
1 1 8.600000e+01 -2.188553e-02
1 1 8.650000e+01 -2.412495e-02
1 1 8.700000e+01 -2.655258e-02
1 1 8.750000e+01 -2.934623e-02
1 1 8.800000e+01 -3.239908e-02
1 1 8.850000e+01 -3.549746e-02
1 1 8.900000e+01 -3.887380e-02
1 1 8.950000e+01 -4.235331e-02
1 1 9.000000e+01 -4.491045e-02
1 1 9.050000e+01 -4.639913e-02
1 1 9.100000e+01 -4.730155e-02
1 1 9.150000e+01 -4.705441e-02
1 1 9.200000e+01 -4.574428e-02
1 1 9.250000e+01 -4.423969e-02
1 1 9.300000e+01 -4.287906e-02
1 1 9.350000e+01 -4.148065e-02
1 1 9.400000e+01 -4.008357e-02
1 1 9.450000e+01 -3.872784e-02
1 1 9.500000e+01 -3.736672e-02
1 1 9.550000e+01 -3.600459e-02
1 1 9.600000e+01 -3.466408e-02
1 1 9.650000e+01 -3.332530e-02
1 1 9.700000e+01 -3.198656e-02
1 1 9.750000e+01 -3.066170e-02
1 1 9.800000e+01 -2.934481e-02
1 1 9.850000e+01 -2.802739e-02
1 1 9.900000e+01 -2.672072e-02
1 1 9.950000e+01 -2.542395e-02
1 1 1.000000e+02 -2.413083e-02
1 1 1.005000e+02 -2.284765e-02
1 1 1.010000e+02 -2.157173e-02
1 1 1.015000e+02 -2.030728e-02
1 1 1.020000e+02 -1.905056e-02
1 1 1.025000e+02 -1.779630e-02
1 1 1.030000e+02 -1.656709e-02
1 1 1.035000e+02 -1.534169e-02
1 1 1.040000e+02 -1.411249e-02
1 1 1.045000e+02 -1.292522e-02
1 1 1.050000e+02 -1.173594e-02
1 1 1.055000e+02 -1.054872e-02
1 1 1.060000e+02 -9.405128e-03
1 1 1.065000e+02 -8.262174e-03
1 1 1.070000e+02 -7.129166e-03
1 1 1.075000e+02 -6.039252e-03
1 1 1.080000e+02 -4.961716e-03
1 1 1.085000e+02 -3.896852e-03
1 1 1.090000e+02 -2.875563e-03
1 1 1.095000e+02 -1.876345e-03
1 1 1.100000e+02 -8.988038e-04
1 1 1.105000e+02 2.890679e-05
1 1 1.110000e+02 9.260927e-04
1 1 1.115000e+02 1.785159e-03
1 1 1.120000e+02 2.583844e-03
1 1 1.125000e+02 3.342921e-03
1 1 1.130000e+02 4.033461e-03
1 1 1.135000e+02 4.647563e-03
1 1 1.140000e+02 5.210826e-03
1 1 1.145000e+02 5.659558e-03
1 1 1.150000e+02 6.010250e-03
1 1 1.155000e+02 6.285791e-03
1 1 1.160000e+02 6.390886e-03
1 1 1.165000e+02 6.361881e-03
1 1 1.170000e+02 6.240819e-03
1 1 1.175000e+02 5.881923e-03
1 1 1.180000e+02 5.410038e-03
1 1 1.185000e+02 4.839885e-03
1 1 1.190000e+02 3.621734e-03
1 1 1.195000e+02 1.734619e-03
1 1 1.200000e+02 -4.176770e-08
1 1 1.205000e+02 -1.734696e-03
1 1 1.210000e+02 -3.621801e-03
1 1 1.215000e+02 -4.839945e-03
1 1 1.220000e+02 -5.410078e-03
1 1 1.225000e+02 -5.881916e-03
1 1 1.230000e+02 -6.240765e-03
1 1 1.235000e+02 -6.361832e-03
1 1 1.240000e+02 -6.390885e-03
1 1 1.245000e+02 -6.285859e-03
1 1 1.250000e+02 -6.010362e-03
1 1 1.255000e+02 -5.659688e-03
1 1 1.260000e+02 -5.210938e-03
1 1 1.265000e+02 -4.647633e-03
1 1 1.270000e+02 -4.033501e-03
1 1 1.275000e+02 -3.342977e-03
1 1 1.280000e+02 -2.583929e-03
1 1 1.285000e+02 -1.785273e-03
1 1 1.290000e+02 -9.262363e-04
1 1 1.295000e+02 -2.908086e-05
1 1 1.300000e+02 8.986095e-04
1 1 1.305000e+02 1.876144e-03
1 1 1.310000e+02 2.875359e-03
1 1 1.315000e+02 3.896644e-03
1 1 1.320000e+02 4.961498e-03
1 1 1.325000e+02 6.039024e-03
1 1 1.330000e+02 7.128939e-03
1 1 1.335000e+02 8.261956e-03
1 1 1.340000e+02 9.404921e-03
1 1 1.345000e+02 1.054853e-02
1 1 1.350000e+02 1.173580e-02
1 1 1.355000e+02 1.292515e-02
1 1 1.360000e+02 1.411249e-02
1 1 1.365000e+02 1.534175e-02
1 1 1.370000e+02 1.656719e-02
1 1 1.375000e+02 1.779643e-02
1 1 1.380000e+02 1.905066e-02
1 1 1.385000e+02 2.030731e-02
1 1 1.390000e+02 2.157168e-02
1 1 1.395000e+02 2.284755e-02
1 1 1.400000e+02 2.413069e-02
1 1 1.405000e+02 2.542378e-02
1 1 1.410000e+02 2.672057e-02
1 1 1.415000e+02 2.802726e-02
1 1 1.420000e+02 2.934473e-02
1 1 1.425000e+02 3.066167e-02
1 1 1.430000e+02 3.198657e-02
1 1 1.435000e+02 3.332528e-02
1 1 1.440000e+02 3.466400e-02
1 1 1.445000e+02 3.600445e-02
1 1 1.450000e+02 3.736655e-02
1 1 1.455000e+02 3.872768e-02
1 1 1.460000e+02 4.008345e-02
1 1 1.465000e+02 4.148057e-02
1 1 1.470000e+02 4.287899e-02
1 1 1.475000e+02 4.423963e-02
1 1 1.480000e+02 4.574423e-02
1 1 1.485000e+02 4.705439e-02
1 1 1.490000e+02 4.730156e-02
1 1 1.495000e+02 4.639911e-02
1 1 1.500000e+02 4.491039e-02
1 1 1.505000e+02 4.235325e-02
1 1 1.510000e+02 3.887376e-02
1 1 1.515000e+02 3.549744e-02
1 1 1.520000e+02 3.239913e-02
1 1 1.525000e+02 2.934638e-02
1 1 1.530000e+02 2.655280e-02
1 1 1.535000e+02 2.412511e-02
1 1 1.540000e+02 2.188557e-02
1 1 1.545000e+02 1.985879e-02
1 1 1.550000e+02 1.808983e-02
1 1 1.555000e+02 1.646098e-02
1 1 1.560000e+02 1.497074e-02
1 1 1.565000e+02 1.364802e-02
1 1 1.570000e+02 1.241724e-02
1 1 1.575000e+02 1.127858e-02
1 1 1.580000e+02 1.024345e-02
1 1 1.585000e+02 9.269347e-03
1 1 1.590000e+02 8.356229e-03
1 1 1.595000e+02 7.505887e-03
1 1 1.600000e+02 6.694892e-03
1 1 1.605000e+02 5.924365e-03
1 1 1.610000e+02 5.191619e-03
1 1 1.615000e+02 4.482503e-03
1 1 1.620000e+02 3.799565e-03
1 1 1.625000e+02 3.138086e-03
1 1 1.630000e+02 2.487649e-03
1 1 1.635000e+02 1.854571e-03
1 1 1.640000e+02 1.233130e-03
1 1 1.645000e+02 6.128359e-04
1 1 1.650000e+02 2.907901e-07
1 1 1.655000e+02 -6.123454e-04
1 1 1.660000e+02 -1.232853e-03
1 1 1.665000e+02 -1.854539e-03
1 1 1.670000e+02 -2.487856e-03
1 1 1.675000e+02 -3.138480e-03
1 1 1.680000e+02 -3.800028e-03
1 1 1.685000e+02 -4.482929e-03
1 1 1.690000e+02 -5.191956e-03
1 1 1.695000e+02 -5.924607e-03
1 1 1.700000e+02 -6.695057e-03
1 1 1.705000e+02 -7.505997e-03
1 1 1.710000e+02 -8.356302e-03
1 1 1.715000e+02 -9.269402e-03
1 1 1.720000e+02 -1.024350e-02
1 1 1.725000e+02 -1.127864e-02
1 1 1.730000e+02 -1.241731e-02
1 1 1.735000e+02 -1.364812e-02
1 1 1.740000e+02 -1.497086e-02
1 1 1.745000e+02 -1.646109e-02
1 1 1.750000e+02 -1.808992e-02
1 1 1.755000e+02 -1.985884e-02
1 1 1.760000e+02 -2.188553e-02
1 1 1.765000e+02 -2.412496e-02
1 1 1.770000e+02 -2.655259e-02
1 1 1.775000e+02 -2.934624e-02
1 1 1.780000e+02 -3.239910e-02
1 1 1.785000e+02 -3.549748e-02
1 1 1.790000e+02 -3.887383e-02
1 1 1.795000e+02 -4.235334e-02
2 1 -0.000000e+00 4.490861e-02
2 1 5.000000e-01 4.235182e-02
2 1 1.000000e+00 3.887267e-02
2 1 1.500000e+00 3.549664e-02
2 1 2.000000e+00 3.239851e-02
2 1 2.500000e+00 2.934586e-02
2 1 3.000000e+00 2.655234e-02
2 1 3.500000e+00 2.412478e-02
2 1 4.000000e+00 2.188539e-02
2 1 4.500000e+00 1.985870e-02
2 1 5.000000e+00 1.808976e-02
2 1 5.500000e+00 1.646093e-02
2 1 6.000000e+00 1.497067e-02
2 1 6.500000e+00 1.364787e-02
2 1 7.000000e+00 1.241700e-02
2 1 7.500000e+00 1.127830e-02
2 1 8.000000e+00 1.024318e-02
2 1 8.500000e+00 9.269088e-03
2 1 9.000000e+00 8.355946e-03
2 1 9.500000e+00 7.505549e-03
2 1 1.000000e+01 6.694517e-03
2 1 1.050000e+01 5.923986e-03
2 1 1.100000e+01 5.191260e-03
2 1 1.150000e+01 4.482150e-03
2 1 1.200000e+01 3.799158e-03
2 1 1.250000e+01 3.137564e-03
2 1 1.300000e+01 2.486987e-03
2 1 1.350000e+01 1.853765e-03
2 1 1.400000e+01 1.232191e-03
2 1 1.450000e+01 6.117934e-04
2 1 1.500000e+01 -7.764757e-07
2 1 1.550000e+01 -6.133519e-04
2 1 1.600000e+01 -1.233775e-03
2 1 1.650000e+01 -1.855389e-03
2 1 1.700000e+01 -2.488666e-03
2 1 1.750000e+01 -3.139332e-03
2 1 1.800000e+01 -3.801048e-03
2 1 1.850000e+01 -4.484176e-03
2 1 1.900000e+01 -5.193421e-03
2 1 1.950000e+01 -5.926290e-03
2 1 2.000000e+01 -6.696976e-03
2 1 2.050000e+01 -7.508169e-03
2 1 2.100000e+01 -8.358809e-03
2 1 2.150000e+01 -9.272450e-03
2 1 2.200000e+01 -1.024729e-02
2 1 2.250000e+01 -1.128331e-02
2 1 2.300000e+01 -1.242319e-02
2 1 2.350000e+01 -1.365560e-02
2 1 2.400000e+01 -1.498010e-02
2 1 2.450000e+01 -1.647211e-02
2 1 2.500000e+01 -1.810287e-02
2 1 2.550000e+01 -1.987350e-02
2 1 2.600000e+01 -2.190092e-02
2 1 2.650000e+01 -2.414079e-02
2 1 2.700000e+01 -2.656867e-02
2 1 2.750000e+01 -2.936164e-02
2 1 2.800000e+01 -3.241312e-02
2 1 2.850000e+01 -3.550963e-02
2 1 2.900000e+01 -3.888296e-02
2 1 2.950000e+01 -4.235842e-02
2 1 3.000000e+01 -4.491165e-02
2 1 3.050000e+01 -4.639688e-02
2 1 3.100000e+01 -4.729612e-02
2 1 3.150000e+01 -4.704723e-02
2 1 3.200000e+01 -4.573685e-02
2 1 3.250000e+01 -4.423227e-02
2 1 3.300000e+01 -4.287158e-02
2 1 3.350000e+01 -4.147329e-02
2 1 3.400000e+01 -4.007632e-02
2 1 3.450000e+01 -3.872072e-02
2 1 3.500000e+01 -3.735983e-02
2 1 3.550000e+01 -3.599792e-02
2 1 3.600000e+01 -3.465761e-02
2 1 3.650000e+01 -3.331899e-02
2 1 3.700000e+01 -3.198039e-02
2 1 3.750000e+01 -3.065564e-02
2 1 3.800000e+01 -2.933881e-02
2 1 3.850000e+01 -2.802144e-02
2 1 3.900000e+01 -2.671483e-02
2 1 3.950000e+01 -2.541808e-02
2 1 4.000000e+01 -2.412498e-02
2 1 4.050000e+01 -2.284183e-02
2 1 4.100000e+01 -2.156595e-02
2 1 4.150000e+01 -2.030153e-02
2 1 4.200000e+01 -1.904483e-02
2 1 4.250000e+01 -1.779061e-02
2 1 4.300000e+01 -1.656142e-02
2 1 4.350000e+01 -1.533604e-02
2 1 4.400000e+01 -1.410690e-02
2 1 4.450000e+01 -1.291966e-02
2 1 4.500000e+01 -1.173041e-02
2 1 4.550000e+01 -1.054323e-02
2 1 4.600000e+01 -9.399657e-03
2 1 4.650000e+01 -8.256698e-03
2 1 4.700000e+01 -7.123704e-03
2 1 4.750000e+01 -6.033768e-03
2 1 4.800000e+01 -4.956184e-03
2 1 4.850000e+01 -3.891286e-03
2 1 4.900000e+01 -2.869937e-03
2 1 4.950000e+01 -1.870663e-03
2 1 5.000000e+01 -8.930906e-04
2 1 5.050000e+01 3.467213e-05
2 1 5.100000e+01 9.319463e-04
2 1 5.150000e+01 1.791214e-03
2 1 5.200000e+01 2.590247e-03
2 1 5.250000e+01 3.349738e-03
2 1 5.300000e+01 4.040815e-03
2 1 5.350000e+01 4.655648e-03
2 1 5.400000e+01 5.219730e-03
2 1 5.450000e+01 5.669331e-03
2 1 5.500000e+01 6.021025e-03
2 1 5.550000e+01 6.297499e-03
2 1 5.600000e+01 6.403086e-03
2 1 5.650000e+01 6.374540e-03
2 1 5.700000e+01 6.253927e-03
2 1 5.750000e+01 5.895059e-03
2 1 5.800000e+01 5.423030e-03
2 1 5.850000e+01 4.852329e-03
2 1 5.900000e+01 3.632161e-03
2 1 5.950000e+01 1.741550e-03
2 1 6.000000e+01 3.138781e-06
2 1 6.050000e+01 -1.735448e-03
2 1 6.100000e+01 -3.626654e-03
2 1 6.150000e+01 -4.847656e-03
2 1 6.200000e+01 -5.419053e-03
2 1 6.250000e+01 -5.891624e-03
2 1 6.300000e+01 -6.250910e-03
2 1 6.350000e+01 -6.371867e-03
2 1 6.400000e+01 -6.400684e-03
2 1 6.450000e+01 -6.295254e-03
2 1 6.500000e+01 -6.018865e-03
2 1 6.550000e+01 -5.667210e-03
2 1 6.600000e+01 -5.217549e-03
2 1 6.650000e+01 -4.653375e-03
2 1 6.700000e+01 -4.038477e-03
2 1 6.750000e+01 -3.347358e-03
2 1 6.800000e+01 -2.587883e-03
2 1 6.850000e+01 -1.788884e-03
2 1 6.900000e+01 -9.295938e-04
2 1 6.950000e+01 -3.229137e-05
2 1 7.000000e+01 8.955015e-04
2 1 7.050000e+01 1.873135e-03
2 1 7.100000e+01 2.872435e-03
2 1 7.150000e+01 3.893798e-03
2 1 7.200000e+01 4.958747e-03
2 1 7.250000e+01 6.036371e-03
2 1 7.300000e+01 7.126363e-03
2 1 7.350000e+01 8.259442e-03
2 1 7.400000e+01 9.402474e-03
2 1 7.450000e+01 1.054614e-02
2 1 7.500000e+01 1.173345e-02
2 1 7.550000e+01 1.292285e-02
2 1 7.600000e+01 1.411023e-02
2 1 7.650000e+01 1.533952e-02
2 1 7.700000e+01 1.656502e-02
2 1 7.750000e+01 1.779430e-02
2 1 7.800000e+01 1.904857e-02
2 1 7.850000e+01 2.030528e-02
2 1 7.900000e+01 2.156968e-02
2 1 7.950000e+01 2.284559e-02
2 1 8.000000e+01 2.412878e-02
2 1 8.050000e+01 2.542194e-02
2 1 8.100000e+01 2.671881e-02
2 1 8.150000e+01 2.802558e-02
2 1 8.200000e+01 2.934310e-02
2 1 8.250000e+01 3.066010e-02
2 1 8.300000e+01 3.198507e-02
2 1 8.350000e+01 3.332383e-02
2 1 8.400000e+01 3.466259e-02
2 1 8.450000e+01 3.600305e-02
2 1 8.500000e+01 3.736507e-02
2 1 8.550000e+01 3.872610e-02
2 1 8.600000e+01 4.008178e-02
2 1 8.650000e+01 4.147875e-02
2 1 8.700000e+01 4.287701e-02
2 1 8.750000e+01 4.423750e-02
2 1 8.800000e+01 4.574199e-02
2 1 8.850000e+01 4.705210e-02
2 1 8.900000e+01 4.729929e-02
2 1 8.950000e+01 4.639703e-02
2 1 9.000000e+01 4.490862e-02
2 1 9.050000e+01 4.235182e-02
2 1 9.100000e+01 3.887268e-02
2 1 9.150000e+01 3.549665e-02
2 1 9.200000e+01 3.239851e-02
2 1 9.250000e+01 2.934586e-02
2 1 9.300000e+01 2.655234e-02
2 1 9.350000e+01 2.412478e-02
2 1 9.400000e+01 2.188539e-02
2 1 9.450000e+01 1.985869e-02
2 1 9.500000e+01 1.808976e-02
2 1 9.550000e+01 1.646093e-02
2 1 9.600000e+01 1.497067e-02
2 1 9.650000e+01 1.364787e-02
2 1 9.700000e+01 1.241701e-02
2 1 9.750000e+01 1.127831e-02
2 1 9.800000e+01 1.024319e-02
2 1 9.850000e+01 9.269104e-03
2 1 9.900000e+01 8.355965e-03
2 1 9.950000e+01 7.505562e-03
2 1 1.000000e+02 6.694516e-03
2 1 1.005000e+02 5.923971e-03
2 1 1.010000e+02 5.191235e-03
2 1 1.015000e+02 4.482126e-03
2 1 1.020000e+02 3.799158e-03
2 1 1.025000e+02 3.137632e-03
2 1 1.030000e+02 2.487147e-03
2 1 1.035000e+02 1.854011e-03
2 1 1.040000e+02 1.232510e-03
2 1 1.045000e+02 6.121534e-04
2 1 1.050000e+02 -4.583569e-07
2 1 1.055000e+02 -6.131641e-04
2 1 1.060000e+02 -1.233746e-03
2 1 1.065000e+02 -1.855512e-03
2 1 1.070000e+02 -2.488922e-03
2 1 1.075000e+02 -3.139670e-03
2 1 1.080000e+02 -3.801374e-03
2 1 1.085000e+02 -4.484440e-03
2 1 1.090000e+02 -5.193623e-03
2 1 1.095000e+02 -5.926440e-03
2 1 1.100000e+02 -6.697085e-03
2 1 1.105000e+02 -7.508250e-03
2 1 1.110000e+02 -8.358865e-03
2 1 1.115000e+02 -9.272482e-03
2 1 1.120000e+02 -1.024730e-02
2 1 1.125000e+02 -1.128331e-02
2 1 1.130000e+02 -1.242318e-02
2 1 1.135000e+02 -1.365559e-02
2 1 1.140000e+02 -1.498009e-02
2 1 1.145000e+02 -1.647210e-02
2 1 1.150000e+02 -1.810286e-02
2 1 1.155000e+02 -1.987350e-02
2 1 1.160000e+02 -2.190092e-02
2 1 1.165000e+02 -2.414080e-02
2 1 1.170000e+02 -2.656868e-02
2 1 1.175000e+02 -2.936165e-02
2 1 1.180000e+02 -3.241314e-02
2 1 1.185000e+02 -3.550966e-02
2 1 1.190000e+02 -3.888299e-02
2 1 1.195000e+02 -4.235846e-02
2 1 1.200000e+02 -4.491169e-02
2 1 1.205000e+02 -4.639692e-02
2 1 1.210000e+02 -4.729617e-02
2 1 1.215000e+02 -4.704728e-02
2 1 1.220000e+02 -4.573689e-02
2 1 1.225000e+02 -4.423231e-02
2 1 1.230000e+02 -4.287161e-02
2 1 1.235000e+02 -4.147332e-02
2 1 1.240000e+02 -4.007633e-02
2 1 1.245000e+02 -3.872073e-02
2 1 1.250000e+02 -3.735984e-02
2 1 1.255000e+02 -3.599792e-02
2 1 1.260000e+02 -3.465761e-02
2 1 1.265000e+02 -3.331899e-02
2 1 1.270000e+02 -3.198038e-02
2 1 1.275000e+02 -3.065563e-02
2 1 1.280000e+02 -2.933881e-02
2 1 1.285000e+02 -2.802144e-02
2 1 1.290000e+02 -2.671484e-02
2 1 1.295000e+02 -2.541808e-02
2 1 1.300000e+02 -2.412498e-02
2 1 1.305000e+02 -2.284184e-02
2 1 1.310000e+02 -2.156595e-02
2 1 1.315000e+02 -2.030153e-02
2 1 1.320000e+02 -1.904485e-02
2 1 1.325000e+02 -1.779064e-02
2 1 1.330000e+02 -1.656148e-02
2 1 1.335000e+02 -1.533612e-02
2 1 1.340000e+02 -1.410700e-02
2 1 1.345000e+02 -1.291977e-02
2 1 1.350000e+02 -1.173050e-02
2 1 1.355000e+02 -1.054327e-02
2 1 1.360000e+02 -9.399625e-03
2 1 1.365000e+02 -8.256599e-03
2 1 1.370000e+02 -7.123546e-03
2 1 1.375000e+02 -6.033574e-03
2 1 1.380000e+02 -4.955997e-03
2 1 1.385000e+02 -3.891136e-03
2 1 1.390000e+02 -2.869829e-03
2 1 1.395000e+02 -1.870584e-03
2 1 1.400000e+02 -8.930315e-04
2 1 1.405000e+02 3.471730e-05
2 1 1.410000e+02 9.319843e-04
2 1 1.415000e+02 1.791246e-03
2 1 1.420000e+02 2.590274e-03
2 1 1.425000e+02 3.349761e-03
2 1 1.430000e+02 4.040836e-03
2 1 1.435000e+02 4.655669e-03
2 1 1.440000e+02 5.219752e-03
2 1 1.445000e+02 5.669355e-03
2 1 1.450000e+02 6.021051e-03
2 1 1.455000e+02 6.297526e-03
2 1 1.460000e+02 6.403115e-03
2 1 1.465000e+02 6.374572e-03
2 1 1.470000e+02 6.253960e-03
2 1 1.475000e+02 5.895095e-03
2 1 1.480000e+02 5.423070e-03
2 1 1.485000e+02 4.852373e-03
2 1 1.490000e+02 3.632209e-03
2 1 1.495000e+02 1.741605e-03
2 1 1.500000e+02 3.197444e-06
2 1 1.505000e+02 -1.735386e-03
2 1 1.510000e+02 -3.626591e-03
2 1 1.515000e+02 -4.847593e-03
2 1 1.520000e+02 -5.418993e-03
2 1 1.525000e+02 -5.891567e-03
2 1 1.530000e+02 -6.250856e-03
2 1 1.535000e+02 -6.371818e-03
2 1 1.540000e+02 -6.400637e-03
2 1 1.545000e+02 -6.295209e-03
2 1 1.550000e+02 -6.018821e-03
2 1 1.555000e+02 -5.667164e-03
2 1 1.560000e+02 -5.217500e-03
2 1 1.565000e+02 -4.653323e-03
2 1 1.570000e+02 -4.038419e-03
2 1 1.575000e+02 -3.347294e-03
2 1 1.580000e+02 -2.587812e-03
2 1 1.585000e+02 -1.788806e-03
2 1 1.590000e+02 -9.295093e-04
2 1 1.595000e+02 -3.220396e-05
2 1 1.600000e+02 8.955887e-04
2 1 1.605000e+02 1.873220e-03
2 1 1.610000e+02 2.872517e-03
2 1 1.615000e+02 3.893883e-03
2 1 1.620000e+02 4.958844e-03
2 1 1.625000e+02 6.036495e-03
2 1 1.630000e+02 7.126519e-03
2 1 1.635000e+02 8.259625e-03
2 1 1.640000e+02 9.402671e-03
2 1 1.645000e+02 1.054632e-02
2 1 1.650000e+02 1.173358e-02
2 1 1.655000e+02 1.292287e-02
2 1 1.660000e+02 1.411014e-02
2 1 1.665000e+02 1.533933e-02
2 1 1.670000e+02 1.656475e-02
2 1 1.675000e+02 1.779399e-02
2 1 1.680000e+02 1.904829e-02
2 1 1.685000e+02 2.030507e-02
2 1 1.690000e+02 2.156955e-02
2 1 1.695000e+02 2.284551e-02
2 1 1.700000e+02 2.412873e-02
2 1 1.705000e+02 2.542191e-02
2 1 1.710000e+02 2.671879e-02
2 1 1.715000e+02 2.802556e-02
2 1 1.720000e+02 2.934308e-02
2 1 1.725000e+02 3.066009e-02
2 1 1.730000e+02 3.198506e-02
2 1 1.735000e+02 3.332381e-02
2 1 1.740000e+02 3.466258e-02
2 1 1.745000e+02 3.600303e-02
2 1 1.750000e+02 3.736505e-02
2 1 1.755000e+02 3.872608e-02
2 1 1.760000e+02 4.008176e-02
2 1 1.765000e+02 4.147873e-02
2 1 1.770000e+02 4.287699e-02
2 1 1.775000e+02 4.423749e-02
2 1 1.780000e+02 4.574198e-02
2 1 1.785000e+02 4.705209e-02
2 1 1.790000e+02 4.729928e-02
2 1 1.795000e+02 4.639702e-02
3 1 -0.000000e+00 -3.215130e-06
3 1 5.000000e-01 -1.741603e-03
3 1 1.000000e+00 -3.632190e-03
3 1 1.500000e+00 -4.852369e-03
3 1 2.000000e+00 -5.423098e-03
3 1 2.500000e+00 -5.895142e-03
3 1 3.000000e+00 -6.254009e-03
3 1 3.500000e+00 -6.374622e-03
3 1 4.000000e+00 -6.403178e-03
3 1 4.500000e+00 -6.297615e-03
3 1 5.000000e+00 -6.021161e-03
3 1 5.500000e+00 -5.669461e-03
3 1 6.000000e+00 -5.219823e-03
3 1 6.500000e+00 -4.655695e-03
3 1 7.000000e+00 -4.040830e-03
3 1 7.500000e+00 -3.349766e-03
3 1 8.000000e+00 -2.590310e-03
3 1 8.500000e+00 -1.791317e-03
3 1 9.000000e+00 -9.320852e-04
3 1 9.500000e+00 -3.484275e-05
3 1 1.000000e+01 8.929001e-04
3 1 1.050000e+01 1.870468e-03
3 1 1.100000e+01 2.869737e-03
3 1 1.150000e+01 3.891072e-03
3 1 1.200000e+01 4.955948e-03
3 1 1.250000e+01 6.033514e-03
3 1 1.300000e+01 7.123449e-03
3 1 1.350000e+01 8.256451e-03
3 1 1.400000e+01 9.399426e-03
3 1 1.450000e+01 1.054303e-02
3 1 1.500000e+01 1.173026e-02
3 1 1.550000e+01 1.291959e-02
3 1 1.600000e+01 1.410690e-02
3 1 1.650000e+01 1.533611e-02
3 1 1.700000e+01 1.656153e-02
3 1 1.750000e+01 1.779073e-02
3 1 1.800000e+01 1.904492e-02
3 1 1.850000e+01 2.030154e-02
3 1 1.900000e+01 2.156587e-02
3 1 1.950000e+01 2.284170e-02
3 1 2.000000e+01 2.412481e-02
3 1 2.050000e+01 2.541790e-02
3 1 2.100000e+01 2.671467e-02
3 1 2.150000e+01 2.802131e-02
3 1 2.200000e+01 2.933874e-02
3 1 2.250000e+01 3.065563e-02
3 1 2.300000e+01 3.198044e-02
3 1 2.350000e+01 3.331904e-02
3 1 2.400000e+01 3.465763e-02
3 1 2.450000e+01 3.599791e-02
3 1 2.500000e+01 3.735981e-02
3 1 2.550000e+01 3.872071e-02
3 1 2.600000e+01 4.007635e-02
3 1 2.650000e+01 4.147334e-02
3 1 2.700000e+01 4.287159e-02
3 1 2.750000e+01 4.423222e-02
3 1 2.800000e+01 4.573674e-02
3 1 2.850000e+01 4.704712e-02
3 1 2.900000e+01 4.729602e-02
3 1 2.950000e+01 4.639680e-02
3 1 3.000000e+01 4.491159e-02
3 1 3.050000e+01 4.235838e-02
3 1 3.100000e+01 3.888296e-02
3 1 3.150000e+01 3.550965e-02
3 1 3.200000e+01 3.241318e-02
3 1 3.250000e+01 2.936174e-02
3 1 3.300000e+01 2.656880e-02
3 1 3.350000e+01 2.414083e-02
3 1 3.400000e+01 2.190084e-02
3 1 3.450000e+01 1.987332e-02
3 1 3.500000e+01 1.810265e-02
3 1 3.550000e+01 1.647187e-02
3 1 3.600000e+01 1.497986e-02
3 1 3.650000e+01 1.365541e-02
3 1 3.700000e+01 1.242304e-02
3 1 3.750000e+01 1.128319e-02
3 1 3.800000e+01 1.024720e-02
3 1 3.850000e+01 9.272386e-03
3 1 3.900000e+01 8.358763e-03
3 1 3.950000e+01 7.508125e-03
3 1 4.000000e+01 6.696924e-03
3 1 4.050000e+01 5.926226e-03
3 1 4.100000e+01 5.193345e-03
3 1 4.150000e+01 4.484094e-03
3 1 4.200000e+01 3.800981e-03
3 1 4.250000e+01 3.139323e-03
3 1 4.300000e+01 2.488744e-03
3 1 4.350000e+01 1.855550e-03
3 1 4.400000e+01 1.234006e-03
3 1 4.450000e+01 6.136272e-04
3 1 4.500000e+01 1.017465e-06
3 1 4.550000e+01 -6.116751e-04
3 1 4.600000e+01 -1.232227e-03
3 1 4.650000e+01 -1.853949e-03
3 1 4.700000e+01 -2.487303e-03
3 1 4.750000e+01 -3.137961e-03
3 1 4.800000e+01 -3.799544e-03
3 1 4.850000e+01 -4.482475e-03
3 1 4.900000e+01 -5.191524e-03
3 1 4.950000e+01 -5.924201e-03
3 1 5.000000e+01 -6.694693e-03
3 1 5.050000e+01 -7.505700e-03
3 1 5.100000e+01 -8.356073e-03
3 1 5.150000e+01 -9.269193e-03
3 1 5.200000e+01 -1.024327e-02
3 1 5.250000e+01 -1.127838e-02
3 1 5.300000e+01 -1.241708e-02
3 1 5.350000e+01 -1.364795e-02
3 1 5.400000e+01 -1.497075e-02
3 1 5.450000e+01 -1.646102e-02
3 1 5.500000e+01 -1.808986e-02
3 1 5.550000e+01 -1.985880e-02
3 1 5.600000e+01 -2.188550e-02
3 1 5.650000e+01 -2.412490e-02
3 1 5.700000e+01 -2.655246e-02
3 1 5.750000e+01 -2.934598e-02
3 1 5.800000e+01 -3.239863e-02
3 1 5.850000e+01 -3.549675e-02
3 1 5.900000e+01 -3.887278e-02
3 1 5.950000e+01 -4.235193e-02
3 1 6.000000e+01 -4.490873e-02
3 1 6.050000e+01 -4.639715e-02
3 1 6.100000e+01 -4.729942e-02
3 1 6.150000e+01 -4.705224e-02
3 1 6.200000e+01 -4.574211e-02
3 1 6.250000e+01 -4.423757e-02
3 1 6.300000e+01 -4.287700e-02
3 1 6.350000e+01 -4.147871e-02
3 1 6.400000e+01 -4.008175e-02
3 1 6.450000e+01 -3.872610e-02
3 1 6.500000e+01 -3.736508e-02
3 1 6.550000e+01 -3.600304e-02
3 1 6.600000e+01 -3.466255e-02
3 1 6.650000e+01 -3.332375e-02
3 1 6.700000e+01 -3.198499e-02
3 1 6.750000e+01 -3.066007e-02
3 1 6.800000e+01 -2.934314e-02
3 1 6.850000e+01 -2.802567e-02
3 1 6.900000e+01 -2.671894e-02
3 1 6.950000e+01 -2.542209e-02
3 1 7.000000e+01 -2.412892e-02
3 1 7.050000e+01 -2.284570e-02
3 1 7.100000e+01 -2.156974e-02
3 1 7.150000e+01 -2.030526e-02
3 1 7.200000e+01 -1.904849e-02
3 1 7.250000e+01 -1.779420e-02
3 1 7.300000e+01 -1.656495e-02
3 1 7.350000e+01 -1.533952e-02
3 1 7.400000e+01 -1.411031e-02
3 1 7.450000e+01 -1.292302e-02
3 1 7.500000e+01 -1.173367e-02
3 1 7.550000e+01 -1.054636e-02
3 1 7.600000e+01 -9.402664e-03
3 1 7.650000e+01 -8.259589e-03
3 1 7.700000e+01 -7.126468e-03
3 1 7.750000e+01 -6.036446e-03
3 1 7.800000e+01 -4.958820e-03
3 1 7.850000e+01 -3.893891e-03
3 1 7.900000e+01 -2.872544e-03
3 1 7.950000e+01 -1.873249e-03
3 1 8.000000e+01 -8.956151e-04
3 1 8.050000e+01 3.219895e-05
3 1 8.100000e+01 9.295381e-04
3 1 8.150000e+01 1.788861e-03
3 1 8.200000e+01 2.587890e-03
3 1 8.250000e+01 3.347393e-03
3 1 8.300000e+01 4.038522e-03
3 1 8.350000e+01 4.653386e-03
3 1 8.400000e+01 5.217521e-03
3 1 8.450000e+01 5.667165e-03
3 1 8.500000e+01 6.018840e-03
3 1 8.550000e+01 6.295274e-03
3 1 8.600000e+01 6.400774e-03
3 1 8.650000e+01 6.372008e-03
3 1 8.700000e+01 6.251058e-03
3 1 8.750000e+01 5.891714e-03
3 1 8.800000e+01 5.419075e-03
3 1 8.850000e+01 4.847642e-03
3 1 8.900000e+01 3.626636e-03
3 1 8.950000e+01 1.735426e-03
3 1 9.000000e+01 -3.156491e-06
3 1 9.050000e+01 -1.741541e-03
3 1 9.100000e+01 -3.632126e-03
3 1 9.150000e+01 -4.852306e-03
3 1 9.200000e+01 -5.423037e-03
3 1 9.250000e+01 -5.895085e-03
3 1 9.300000e+01 -6.253956e-03
3 1 9.350000e+01 -6.374573e-03
3 1 9.400000e+01 -6.403132e-03
3 1 9.450000e+01 -6.297570e-03
3 1 9.500000e+01 -6.021116e-03
3 1 9.550000e+01 -5.669416e-03
3 1 9.600000e+01 -5.219774e-03
3 1 9.650000e+01 -4.655643e-03
3 1 9.700000e+01 -4.040773e-03
3 1 9.750000e+01 -3.349702e-03
3 1 9.800000e+01 -2.590239e-03
3 1 9.850000e+01 -1.791238e-03
3 1 9.900000e+01 -9.320006e-04
3 1 9.950000e+01 -3.475533e-05
3 1 1.000000e+02 8.929874e-04
3 1 1.005000e+02 1.870554e-03
3 1 1.010000e+02 2.869820e-03
3 1 1.015000e+02 3.891157e-03
3 1 1.020000e+02 4.956045e-03
3 1 1.025000e+02 6.033637e-03
3 1 1.030000e+02 7.123605e-03
3 1 1.035000e+02 8.256634e-03
3 1 1.040000e+02 9.399623e-03
3 1 1.045000e+02 1.054321e-02
3 1 1.050000e+02 1.173039e-02
3 1 1.055000e+02 1.291961e-02
3 1 1.060000e+02 1.410680e-02
3 1 1.065000e+02 1.533591e-02
3 1 1.070000e+02 1.656125e-02
3 1 1.075000e+02 1.779042e-02
3 1 1.080000e+02 1.904463e-02
3 1 1.085000e+02 2.030133e-02
3 1 1.090000e+02 2.156574e-02
3 1 1.095000e+02 2.284162e-02
3 1 1.100000e+02 2.412476e-02
3 1 1.105000e+02 2.541787e-02
3 1 1.110000e+02 2.671465e-02
3 1 1.115000e+02 2.802129e-02
3 1 1.120000e+02 2.933872e-02
3 1 1.125000e+02 3.065561e-02
3 1 1.130000e+02 3.198042e-02
3 1 1.135000e+02 3.331903e-02
3 1 1.140000e+02 3.465761e-02
3 1 1.145000e+02 3.599789e-02
3 1 1.150000e+02 3.735979e-02
3 1 1.155000e+02 3.872070e-02
3 1 1.160000e+02 4.007633e-02
3 1 1.165000e+02 4.147332e-02
3 1 1.170000e+02 4.287158e-02
3 1 1.175000e+02 4.423221e-02
3 1 1.180000e+02 4.573673e-02
3 1 1.185000e+02 4.704711e-02
3 1 1.190000e+02 4.729601e-02
3 1 1.195000e+02 4.639679e-02
3 1 1.200000e+02 4.491158e-02
3 1 1.205000e+02 4.235838e-02
3 1 1.210000e+02 3.888295e-02
3 1 1.215000e+02 3.550965e-02
3 1 1.220000e+02 3.241318e-02
3 1 1.225000e+02 2.936174e-02
3 1 1.230000e+02 2.656880e-02
3 1 1.235000e+02 2.414084e-02
3 1 1.240000e+02 2.190084e-02
3 1 1.245000e+02 1.987333e-02
3 1 1.250000e+02 1.810265e-02
3 1 1.255000e+02 1.647188e-02
3 1 1.260000e+02 1.497987e-02
3 1 1.265000e+02 1.365540e-02
3 1 1.270000e+02 1.242303e-02
3 1 1.275000e+02 1.128318e-02
3 1 1.280000e+02 1.024719e-02
3 1 1.285000e+02 9.272370e-03
3 1 1.290000e+02 8.358744e-03
3 1 1.295000e+02 7.508113e-03
3 1 1.300000e+02 6.696924e-03
3 1 1.305000e+02 5.926240e-03
3 1 1.310000e+02 5.193369e-03
3 1 1.315000e+02 4.484119e-03
3 1 1.320000e+02 3.800981e-03
3 1 1.325000e+02 3.139255e-03
3 1 1.330000e+02 2.488585e-03
3 1 1.335000e+02 1.855306e-03
3 1 1.340000e+02 1.233688e-03
3 1 1.345000e+02 6.132679e-04
3 1 1.350000e+02 6.996688e-07
3 1 1.355000e+02 -6.118631e-04
3 1 1.360000e+02 -1.232257e-03
3 1 1.365000e+02 -1.853827e-03
3 1 1.370000e+02 -2.487048e-03
3 1 1.375000e+02 -3.137624e-03
3 1 1.380000e+02 -3.799218e-03
3 1 1.385000e+02 -4.482211e-03
3 1 1.390000e+02 -5.191322e-03
3 1 1.395000e+02 -5.924050e-03
3 1 1.400000e+02 -6.694584e-03
3 1 1.405000e+02 -7.505618e-03
3 1 1.410000e+02 -8.356016e-03
3 1 1.415000e+02 -9.269160e-03
3 1 1.420000e+02 -1.024325e-02
3 1 1.425000e+02 -1.127838e-02
3 1 1.430000e+02 -1.241708e-02
3 1 1.435000e+02 -1.364796e-02
3 1 1.440000e+02 -1.497077e-02
3 1 1.445000e+02 -1.646103e-02
3 1 1.450000e+02 -1.808987e-02
3 1 1.455000e+02 -1.985881e-02
3 1 1.460000e+02 -2.188550e-02
3 1 1.465000e+02 -2.412489e-02
3 1 1.470000e+02 -2.655245e-02
3 1 1.475000e+02 -2.934596e-02
3 1 1.480000e+02 -3.239861e-02
3 1 1.485000e+02 -3.549673e-02
3 1 1.490000e+02 -3.887275e-02
3 1 1.495000e+02 -4.235189e-02
3 1 1.500000e+02 -4.490869e-02
3 1 1.505000e+02 -4.639710e-02
3 1 1.510000e+02 -4.729938e-02
3 1 1.515000e+02 -4.705219e-02
3 1 1.520000e+02 -4.574207e-02
3 1 1.525000e+02 -4.423753e-02
3 1 1.530000e+02 -4.287697e-02
3 1 1.535000e+02 -4.147868e-02
3 1 1.540000e+02 -4.008173e-02
3 1 1.545000e+02 -3.872609e-02
3 1 1.550000e+02 -3.736508e-02
3 1 1.555000e+02 -3.600304e-02
3 1 1.560000e+02 -3.466255e-02
3 1 1.565000e+02 -3.332375e-02
3 1 1.570000e+02 -3.198499e-02
3 1 1.575000e+02 -3.066008e-02
3 1 1.580000e+02 -2.934314e-02
3 1 1.585000e+02 -2.802566e-02
3 1 1.590000e+02 -2.671893e-02
3 1 1.595000e+02 -2.542208e-02
3 1 1.600000e+02 -2.412892e-02
3 1 1.605000e+02 -2.284569e-02
3 1 1.610000e+02 -2.156974e-02
3 1 1.615000e+02 -2.030525e-02
3 1 1.620000e+02 -1.904848e-02
3 1 1.625000e+02 -1.779417e-02
3 1 1.630000e+02 -1.656490e-02
3 1 1.635000e+02 -1.533944e-02
3 1 1.640000e+02 -1.411021e-02
3 1 1.645000e+02 -1.292291e-02
3 1 1.650000e+02 -1.173359e-02
3 1 1.655000e+02 -1.054633e-02
3 1 1.660000e+02 -9.402697e-03
3 1 1.665000e+02 -8.259689e-03
3 1 1.670000e+02 -7.126627e-03
3 1 1.675000e+02 -6.036641e-03
3 1 1.680000e+02 -4.959007e-03
3 1 1.685000e+02 -3.894041e-03
3 1 1.690000e+02 -2.872652e-03
3 1 1.695000e+02 -1.873329e-03
3 1 1.700000e+02 -8.956740e-04
3 1 1.705000e+02 3.215387e-05
3 1 1.710000e+02 9.295002e-04
3 1 1.715000e+02 1.788829e-03
3 1 1.720000e+02 2.587863e-03
3 1 1.725000e+02 3.347369e-03
3 1 1.730000e+02 4.038500e-03
3 1 1.735000e+02 4.653365e-03
3 1 1.740000e+02 5.217498e-03
3 1 1.745000e+02 5.667140e-03
3 1 1.750000e+02 6.018813e-03
3 1 1.755000e+02 6.295247e-03
3 1 1.760000e+02 6.400745e-03
3 1 1.765000e+02 6.371977e-03
3 1 1.770000e+02 6.251025e-03
3 1 1.775000e+02 5.891678e-03
3 1 1.780000e+02 5.419035e-03
3 1 1.785000e+02 4.847598e-03
3 1 1.790000e+02 3.626587e-03
3 1 1.795000e+02 1.735372e-03
3 1 -0.000000e+00 -3.215130e-06
3 1 5.000000e-01 -1.741603e-03
3 1 1.000000e+00 -3.632190e-03
3 1 -0.000000e+00 -3.215130e-06
3 1 5.000000e-01 -1.741603e-03
3 1 1.000000e+00 -3.632190e-03
3 1 -0.000000e+00 -3.215130e-06
3 1 5.000000e-01 -1.741603e-03
3 1 1.000000e+00 -3.632190e-03
